GEO.DAT         2.1             Header structure with coordinate parameters                     
   2
Produced by MAKEGEO Version: 3.11  Level: 100301                                
5/19/2014                                                
UTM     
  33N   
WGS-84  02-21-2003  
      37      33     385.000    5041.000       1.000       1.000
KM  M   
 1          - LAND USE DATA - (1=new categories)
   14  50  55 - NLU, IWAT1, IWAT2
   10  20 -20  30  40  51  54  55  60  61  62  70  80  90
     10,     10,     10,     70,     70,     70,     70,     70,     70,     70,
     70,     51,     51,     51,     20,     20,     70,     70,     51,     51,
     20,     51,     20,     20,     70,     20,     70,     70,     70,     70,
     70,     70,     20,     20,     20,     70,     70
     10,     10,     10,     10,     10,     70,     70,     70,     70,     70,
     70,     70,     70,     70,     51,     20,     70,     70,     20,     51,
     51,     51,     51,     51,     51,     70,     70,     70,     70,     70,
     70,     70,     70,     70,     20,     70,     70
     20,     55,     10,     10,     10,     51,     70,     70,     70,     20,
     70,     70,     70,     70,     70,     70,     51,     70,     70,     70,
     70,     51,     51,     70,     51,     51,     20,     70,     70,     20,
     20,     70,     70,     70,     20,     20,     20
     20,     55,     55,     10,     10,     51,     51,     70,     70,     20,
     70,     70,     70,     70,     70,     20,     51,     20,     70,     51,
     20,     51,     70,     70,     20,     51,     70,     20,     20,     70,
     20,     70,     70,     70,     70,     70,     70
     55,     55,     55,     55,     55,     55,     55,     70,     70,     10,
     70,     70,     70,     70,     70,     70,     51,     20,     70,     51,
     20,     20,     20,     20,     51,     51,     70,     70,     70,     70,
     70,     70,     70,     70,     70,     70,     70
     55,     55,     55,     55,     55,     55,     55,     55,     55,     70,
     70,     70,     70,     70,     70,     70,     70,     70,     70,     70,
     70,     70,     70,     20,     20,     70,     70,     20,     20,     20,
     20,     70,     70,     70,     70,     20,     70
     55,     55,     55,     55,     55,     55,     55,     55,     55,     55,
     70,     70,     70,     70,     70,     70,     70,     70,     70,     70,
     70,     70,     70,     20,     20,     20,     20,     70,     70,     20,
     20,     70,     70,     70,     70,     70,     70
     55,     55,     55,     55,     55,     55,     55,     55,     55,     55,
     55,     51,     70,     70,     70,     70,     70,     70,     70,     70,
     70,     70,     70,     20,     20,     20,     10,     20,     70,     20,
     70,     70,     70,     70,     70,     70,     70
     20,     55,     55,     55,     55,     55,     55,     55,     55,     55,
     55,     55,     20,     10,     70,     70,     70,     20,     70,     70,
     70,     70,     70,     70,     70,     70,     70,     70,     70,     70,
     70,     20,     70,     70,     70,     70,     51
     20,     62,     55,     55,     55,     55,     55,     55,     55,     55,
     55,     55,     55,     20,     70,     70,     70,     70,     70,     70,
     70,     70,     20,     70,     70,     51,     70,     70,     70,     70,
     70,     20,     70,     70,     70,     70,     51
     55,     55,     55,     55,     55,     55,     55,     55,     55,     55,
     55,     55,     55,     55,     20,     70,     70,     70,     70,     70,
     20,     70,     70,     70,     70,     70,     20,     20,     70,     70,
     70,     51,     20,     70,     70,     70,     70
     55,     55,     55,     55,     55,     55,     55,     55,     55,     55,
     55,     55,     55,     55,     55,     70,     10,     70,     70,     70,
     70,     70,     70,     70,     70,     70,     70,     20,     70,     70,
     70,     20,     20,     51,     70,     70,     20
     55,     55,     55,     55,     55,     55,     55,     55,     55,     55,
     55,     55,     55,     55,     55,     55,     70,     70,     70,     20,
     70,     70,     70,     70,     70,     10,     10,     70,     70,     20,
     70,     20,     20,     20,     70,     70,     70
     55,     55,     55,     55,     55,     55,     55,     55,     55,     55,
     55,     55,     55,     55,     55,     55,     55,     70,     70,     70,
     10,     70,     70,     70,     51,     51,     70,     70,     70,     70,
     70,     51,     20,     20,     20,     10,     51
     55,     55,     55,     55,     55,     55,     55,     55,     55,     55,
     55,     55,     55,     55,     55,     55,     55,     55,     10,     70,
     10,     10,     70,     70,     70,     51,     70,     70,     70,     70,
     70,     70,     70,     70,     10,     20,     51
     55,     55,     55,     55,     55,     55,     55,     55,     55,     55,
     55,     55,     55,     55,     55,     55,     55,     55,     10,     70,
     70,     70,     70,     51,     70,     70,     70,     70,     70,     70,
     70,     70,     70,     70,     70,     70,     20
     55,     55,     55,     55,     55,     55,     55,     55,     55,     55,
     55,     55,     55,     55,     55,     55,     55,     55,     10,     10,
     10,     70,     70,     70,     70,     20,     70,     70,     10,     70,
     20,     70,     70,     51,     70,     70,     20
     55,     55,     55,     55,     55,     55,     55,     55,     55,     55,
     55,     55,     55,     55,     55,     55,     55,     55,     55,     10,
     10,     10,     20,     70,     20,     70,     70,     70,     10,     20,
     20,     20,     20,     70,     70,     70,     70
     55,     55,     55,     55,     55,     55,     55,     55,     55,     55,
     55,     55,     55,     55,     55,     55,     55,     55,     10,     10,
     10,     10,     70,     70,     10,     20,     20,     70,     70,     70,
     70,     70,     70,     70,     20,     20,     70
     55,     55,     55,     55,     55,     55,     55,     55,     55,     55,
     55,     55,     55,     55,     55,     55,     55,     55,     10,     10,
     10,     10,     20,     10,     70,     20,     20,     70,     70,     70,
     70,     70,     70,     70,     70,     70,     70
     55,     55,     55,     55,     55,     55,     55,     55,     55,     55,
     55,     55,     55,     55,     55,     55,     55,     55,     55,     55,
     10,     10,     10,     10,     70,     70,     70,     70,     70,     20,
     70,     70,     70,     70,     70,     70,     70
     55,     55,     55,     55,     55,     55,     55,     55,     55,     55,
     55,     55,     55,     55,     55,     55,     55,     55,     55,     55,
     10,     10,     10,     10,     10,     20,     70,     70,     20,     20,
     20,     70,     70,     70,     20,     20,     70
     55,     55,     55,     55,     55,     55,     55,     55,     55,     55,
     55,     55,     55,     55,     55,     55,     55,     55,     55,     55,
     55,     10,     10,     10,     10,     10,     70,     70,     70,     70,
     70,     70,     70,     70,     70,     20,     70
     55,     55,     55,     55,     55,     55,     55,     55,     55,     55,
     55,     55,     55,     55,     55,     20,     20,     20,     20,     10,
     55,     10,     70,     20,     10,     20,     70,     20,     20,     70,
     70,     10,     70,     20,     70,     70,     70
     55,     55,     55,     55,     55,     55,     55,     55,     55,     55,
     55,     55,     55,     55,     20,     20,     70,     20,     20,     70,
     70,     10,     20,     20,     70,     70,     70,     20,     20,     70,
     70,     70,     70,     70,     20,     70,     70
     55,     55,     55,     55,     55,     55,     55,     55,     55,     55,
     55,     55,     55,     55,     55,     20,     20,     20,     20,     20,
     70,     20,     70,     70,     70,     70,     20,     70,     51,     20,
     20,     70,     70,     70,     70,     70,     20
     55,     55,     55,     55,     55,     55,     55,     55,     55,     55,
     55,     55,     55,     55,     55,     55,     55,     20,     20,     20,
     20,     20,     70,     70,     70,     20,     20,     20,     51,     51,
     51,     70,     70,     70,     70,     70,     70
     55,     55,     55,     55,     55,     55,     55,     55,     55,     55,
     55,     55,     55,     55,     55,     55,     55,     62,     20,     20,
     20,     70,     70,     70,     70,     70,     20,     70,     70,     20,
     20,     20,     70,     70,     70,     70,     70
     55,     55,     55,     55,     55,     55,     55,     55,     55,     55,
     55,     55,     55,     55,     55,     55,     10,     10,     10,     20,
     20,     20,     70,     70,     70,     70,     70,     70,     70,     20,
     20,     20,     20,     70,     70,     70,     70
     55,     55,     55,     55,     55,     55,     55,     55,     55,     55,
     55,     55,     20,     20,     55,     10,     10,     10,     20,     20,
     20,     20,     20,     70,     70,     70,     70,     70,     20,     20,
     20,     20,     51,     70,     70,     70,     70
     55,     55,     55,     55,     55,     55,     20,     55,     55,     55,
     10,     20,     20,     20,     20,     10,     10,     20,     20,     20,
     20,     20,     70,     70,     70,     70,     20,     20,     20,     51,
     20,     70,     20,     70,     70,     70,     70
     55,     55,     55,     10,     55,     55,     20,     20,     20,     10,
     20,     20,     20,     70,     20,     20,     20,     20,     20,     20,
     20,     20,     20,     70,     70,     70,     70,     70,     70,     20,
     70,     70,     70,     70,     20,     70,     70
     55,     55,     55,     10,     10,     20,     20,     20,     20,     20,
     20,     20,     20,     20,     20,     20,     20,     20,     20,     20,
     20,     20,     70,     70,     20,     70,     20,     70,     20,     20,
     20,     70,     70,     70,     70,     70,     70
 1.0000  - TERRAIN heights - HTFAC (Conversion to meters)                        
   4.20,   8.20,  29.70,  32.20,  32.20, 100.40, 105.90, 106.80, 119.60, 106.60, 114.60, 111.80, 114.00, 148.10, 195.80, 226.80, 248.70, 254.30, 235.20, 232.50, 267.90, 276.70, 284.60, 279.20, 294.40, 290.40, 262.10, 269.30, 244.80, 284.20, 278.30, 298.60, 225.60, 159.30, 143.30, 217.80, 600.40
   1.50,   2.20,   2.00,   1.80,   8.30,  62.40, 145.90, 204.70, 230.60, 175.90, 187.20, 185.10, 169.60, 131.40, 164.80, 221.10, 254.80, 241.10, 214.80, 234.70, 257.00, 269.20, 260.50, 268.20, 282.30, 295.20, 324.80, 278.10, 408.70, 459.90, 385.50, 457.40, 329.00, 291.10, 180.90, 227.80, 413.50
   1.40,   1.30,   1.20,   3.00,   2.20,  20.10, 155.30, 230.30, 178.20, 149.40, 174.90, 186.90, 207.40, 175.50, 153.50, 182.50, 212.90, 236.50, 250.40, 242.40, 248.90, 248.70, 256.90, 257.40, 276.00, 292.30, 342.10, 357.40, 297.80, 400.20, 507.30, 547.10, 499.90, 431.20, 249.60, 199.70, 254.80
   1.80,   0.10,   0.00,   1.10,   0.30,  15.20,  66.70, 107.50, 116.60, 124.20, 172.90, 205.00, 212.50, 210.20, 171.00, 174.10, 198.10, 251.30, 284.90, 268.70, 260.20, 255.00, 263.90, 268.50, 275.00, 290.40, 318.60, 363.10, 361.40, 292.70, 385.80, 485.20, 522.80, 469.30, 319.60, 316.50, 258.80
   0.50,   0.00,   0.00,   0.00,   0.00,   0.00,   6.80,  24.30,  31.00,  91.10, 124.20, 178.50, 227.90, 237.10, 261.30, 240.40, 205.00, 211.00, 239.80, 253.20, 264.40, 267.00, 276.80, 281.20, 283.60, 288.30, 301.60, 337.20, 352.10, 344.80, 312.60, 393.40, 467.40, 501.00, 482.50, 475.50, 400.80
   0.00,   0.00,   0.00,   0.00,   0.00,   0.00,   0.00,   0.00,   0.20,  79.20, 119.60, 133.10, 186.40, 238.80, 250.40, 304.00, 293.90, 260.00, 260.10, 252.20, 241.80, 246.50, 270.10, 282.10, 286.80, 310.70, 307.90, 318.10, 325.40, 338.10, 348.80, 350.80, 466.30, 546.50, 547.80, 572.50, 541.10
   0.00,   0.00,   0.00,   0.00,   0.00,   0.00,   0.00,   0.00,   0.00,   3.20,  90.40, 140.00, 145.70, 193.40, 237.70, 249.40, 309.30, 369.60, 404.10, 339.80, 303.50, 269.20, 252.70, 273.70, 304.00, 331.90, 341.10, 339.90, 339.20, 342.40, 348.00, 371.60, 379.10, 494.30, 608.20, 566.10, 513.00
   0.00,   0.00,   0.00,   0.00,   0.00,   0.00,   0.00,   0.00,   0.00,   0.00,   4.10, 101.60, 173.90, 173.30, 204.60, 245.40, 269.40, 310.00, 401.10, 459.40, 472.90, 370.00, 280.00, 274.20, 295.60, 309.80, 328.30, 338.70, 331.30, 347.50, 355.90, 356.80, 383.70, 437.80, 546.10, 515.70, 520.00
   0.10,   0.00,   0.00,   0.00,   0.00,   0.00,   0.00,   0.00,   0.00,   0.00,   0.00,   0.40,  88.60, 199.50, 202.90, 226.70, 256.70, 282.20, 346.80, 396.40, 471.30, 422.50, 379.30, 305.40, 294.90, 304.30, 312.30, 323.30, 345.70, 351.80, 350.00, 346.40, 398.00, 472.60, 518.40, 585.80, 569.20
   0.00,   0.00,   0.00,   0.00,   0.00,   0.00,   0.00,   0.00,   0.00,   0.00,   0.00,   0.00,   1.60, 128.00, 236.90, 227.40, 238.00, 251.00, 284.90, 356.60, 360.80, 360.30, 323.40, 360.80, 353.10, 320.40, 301.70, 319.40, 348.80, 362.80, 368.60, 380.70, 486.40, 498.00, 493.30, 561.60, 571.40
   0.00,   0.00,   0.00,   0.00,   0.00,   0.00,   0.00,   0.00,   0.00,   0.00,   0.00,   0.00,   0.00,   7.10, 143.00, 242.20, 235.60, 243.50, 273.40, 292.20, 293.70, 347.40, 364.00, 389.00, 382.60, 375.70, 343.70, 313.90, 342.00, 348.20, 387.80, 409.10, 443.40, 502.10, 514.10, 466.70, 519.90
   0.00,   0.00,   0.00,   0.00,   0.00,   0.00,   0.00,   0.00,   0.00,   0.00,   0.00,   0.00,   0.00,   0.00,   8.30, 169.70, 248.40, 250.00, 262.10, 282.60, 292.00, 309.10, 324.40, 349.60, 371.60, 374.20, 391.10, 379.50, 410.40, 358.90, 376.10, 388.50, 404.80, 417.20, 478.30, 527.50, 514.70
   0.00,   0.00,   0.00,   0.00,   0.00,   0.00,   0.00,   0.00,   0.00,   0.00,   0.00,   0.00,   0.00,   0.00,   1.50,  24.40, 150.70, 269.80, 287.90, 289.90, 297.80, 304.70, 318.50, 321.90, 345.00, 354.40, 359.00, 385.30, 486.20, 409.60, 423.60, 409.60, 394.30, 406.30, 431.60, 502.00, 556.20
   0.00,   0.00,   0.00,   0.00,   0.00,   0.00,   0.00,   0.00,   0.00,   0.00,   0.00,   0.00,   0.00,   0.00,   0.00,   0.00,   3.20, 145.60, 317.50, 321.80, 315.30, 321.60, 312.90, 328.90, 341.30, 360.20, 371.30, 374.00, 448.90, 434.30, 445.80, 468.40, 432.20, 415.40, 417.50, 456.00, 454.70
   0.00,   0.00,   0.00,   0.00,   0.00,   0.00,   0.00,   0.00,   0.00,   0.00,   0.00,   0.00,   0.00,   0.00,   0.00,   0.00,   0.00,   7.30, 121.70, 308.30, 346.10, 347.40, 328.90, 330.50, 379.60, 367.10, 378.90, 386.80, 427.30, 444.80, 521.30, 491.10, 487.90, 465.80, 431.60, 448.90, 430.60
   0.00,   0.00,   0.00,   0.00,   0.00,   0.00,   0.00,   0.00,   0.00,   0.00,   0.00,   0.00,   0.00,   0.00,   0.00,   0.00,   0.00,   0.10,  71.30, 139.50, 248.80, 385.90, 364.90, 343.60, 391.90, 430.80, 397.10, 388.30, 410.20, 412.60, 455.70, 556.00, 487.90, 448.50, 444.20, 447.80, 437.50
   0.00,   0.00,   0.00,   0.00,   0.00,   0.00,   0.00,   0.00,   0.00,   0.00,   0.00,   0.00,   0.00,   0.00,   0.00,   0.00,   0.00,   0.00,   4.70,  63.70, 171.40, 182.70, 330.80, 379.40, 366.90, 414.90, 398.60, 390.50, 407.60, 419.30, 435.50, 486.00, 479.30, 452.50, 463.10, 439.90, 400.30
   0.00,   0.00,   0.00,   0.00,   0.00,   0.00,   0.00,   0.00,   0.00,   0.00,   0.00,   0.00,   0.00,   0.00,   0.00,   0.00,   0.00,   0.00,   0.30,  19.60,  54.90,  84.40, 146.60, 367.70, 360.90, 383.50, 389.50, 400.60, 422.90, 442.50, 458.60, 475.60, 479.70, 472.30, 481.30, 449.20, 423.90
   0.00,   0.00,   0.00,   0.00,   0.00,   0.00,   0.00,   0.00,   0.00,   0.00,   0.00,   0.00,   0.00,   0.00,   0.00,   0.00,   0.00,   1.70,  23.50,  46.00,  56.80, 148.40, 174.50, 281.00, 366.90, 366.10, 378.60, 404.60, 535.70, 573.80, 593.60, 610.70, 592.90, 502.70, 478.10, 458.30, 459.60
   0.00,   0.00,   0.00,   0.00,   0.00,   0.00,   0.00,   0.00,   0.00,   0.00,   0.00,   0.00,   0.00,   0.00,   0.00,   0.00,   0.00,   1.60,   9.30,  14.80,  60.40,  91.00, 178.50, 231.10, 320.30, 370.70, 387.00, 421.20, 534.20, 576.80, 590.60, 659.80, 647.00, 585.30, 534.70, 520.10, 508.50
   0.00,   0.00,   0.00,   0.00,   0.00,   0.00,   0.00,   0.00,   0.00,   0.00,   0.00,   0.00,   0.00,   0.00,   0.00,   0.00,   0.00,   0.10,   0.50,   4.60,  39.10,  58.40, 106.40, 139.50, 196.40, 324.30, 356.20, 414.00, 442.40, 481.40, 555.80, 543.40, 628.30, 567.70, 553.40, 571.10, 624.50
   0.00,   0.00,   0.00,   0.00,   0.00,   0.00,   0.00,   0.00,   0.00,   0.00,   0.00,   0.00,   0.00,   0.00,   0.00,   0.00,   0.00,   0.00,   0.00,   1.50,  21.70,  23.90,  19.10,  46.10,  69.90, 108.00, 174.20, 279.60, 350.60, 437.40, 488.00, 591.90, 609.60, 536.50, 533.20, 608.80, 724.10
   0.00,   0.00,   0.00,   0.00,   0.00,   0.00,   0.00,   0.00,   0.00,   0.00,   0.00,   0.00,   0.00,   0.00,   0.00,   4.60,  28.00,  13.40,   5.80,   0.40,   1.30,   2.40,   9.30,  13.30,  56.00,  61.00, 272.90, 343.90, 301.60, 376.80, 471.90, 537.20, 513.80, 514.70, 530.70, 589.50, 660.20
   0.00,   0.00,   0.00,   0.00,   0.00,   0.00,   0.00,   0.00,   0.00,   0.00,   0.00,   0.00,   0.00,   0.00,   0.00,  21.80, 109.10, 126.00,  54.30,  21.90,   2.60,  21.30,  75.00,  64.10,  36.60,  65.60, 280.60, 412.20, 383.40, 431.40, 424.30, 477.90, 491.00, 493.90, 506.00, 555.10, 589.70
   0.00,   0.00,   0.00,   0.00,   0.00,   0.00,   0.00,   0.00,   0.00,   0.00,   0.00,   0.00,   0.00,   0.80,  13.50,  33.40,  74.70, 137.00,  69.50, 119.20,  77.00,   5.50,  64.40,  99.40, 118.90, 224.80, 390.00, 423.20, 402.30, 413.30, 469.20, 476.90, 495.30, 473.20, 487.40, 508.80, 541.50
   0.00,   0.00,   0.00,   0.00,   0.00,   0.00,   0.00,   0.00,   0.00,   0.00,   0.00,   0.00,   0.00,   0.00,   4.50,  21.70,  57.30, 113.90, 141.30, 173.70, 141.00,  28.40,  44.00,  87.50,  53.30, 182.20, 342.90, 411.20, 431.30, 397.80, 444.60, 473.90, 583.40, 573.70, 533.40, 496.20, 521.40
   0.00,   0.00,   0.00,   0.00,   0.00,   0.00,   0.00,   0.00,   0.00,   0.00,   0.00,   0.00,   0.00,   0.00,   0.00,   0.00,   6.10,  37.10,  58.70,  66.50,  83.60,  81.90, 148.30, 168.30,  93.30,  67.40, 287.30, 396.50, 434.20, 426.60, 432.10, 455.50, 618.10, 708.60, 710.20, 539.70, 495.60
   0.00,   0.00,   0.00,   0.00,   0.00,   0.00,   0.00,   0.00,   0.00,   0.00,   0.00,   0.00,   0.00,   0.00,   0.00,   0.00,   1.70,   2.90,   2.50,  10.70,  60.40, 129.00, 177.70, 246.80, 199.20,  71.30, 167.90, 388.60, 435.60, 446.20, 457.90, 467.10, 551.80, 773.50, 731.90, 692.10, 535.20
   0.00,   0.00,   0.00,   0.00,   0.00,   0.00,   0.00,   0.00,   0.00,   0.00,   0.00,   0.00,   0.00,   0.00,   0.00,   0.00,   2.30,   1.70,  12.20,  12.80,  18.00, 106.30, 189.90, 231.30, 207.30, 172.90, 141.20, 312.30, 402.80, 432.40, 440.50, 446.80, 502.70, 752.80, 812.90, 695.80, 602.30
   0.00,   0.00,   0.00,   0.00,   0.00,   0.00,   0.00,   0.00,   0.00,   0.00,   0.60,   2.80,  49.80,  51.10,  15.70,   3.80,   3.20,   1.70,  16.10,  29.60,  30.00,  22.50,  71.00,  95.30, 124.80, 125.00, 152.00, 236.10, 374.00, 420.80, 444.60, 453.40, 484.20, 723.50, 797.70, 743.40, 683.80
   0.00,   0.00,   0.00,   0.00,   0.00,   2.20,  34.60,  39.70,   9.20,   1.80,   7.50,  23.00,  95.80, 161.60,  76.90,  16.30,   7.60,  25.60,  29.30,  64.80,  80.10,  97.00,  90.00, 124.70, 149.90, 138.60,  97.80, 109.30, 275.20, 419.50, 428.60, 468.80, 488.20, 680.90, 902.70, 784.60, 700.20
   0.00,   0.00,   0.10,  33.20,  20.90,  28.30,  18.10,  37.60,  62.10,  53.20,  40.00,  83.70, 225.20, 168.00, 121.30,  55.50,   6.00,  17.40,  56.80,  48.60,  85.20, 124.70, 159.00, 159.30, 224.50, 265.40, 161.00, 118.00, 152.30, 382.40, 431.10, 475.60, 495.10, 628.70, 919.60, 894.50, 727.60
   0.00,   0.00,   0.00,  24.00,  59.50,  89.30, 115.60, 126.10, 104.40, 128.00, 165.10, 173.80, 191.20, 217.00, 129.80,  60.50,  45.60,  24.40,  18.90,  34.10,  79.60, 102.30, 161.30, 234.70, 299.50, 336.40, 264.10, 180.90, 115.60, 260.60, 454.70, 490.20, 477.70, 560.50, 790.90, 895.90, 876.90
 2    - gridded z0 field                                                      
 0.9593, 0.3802, 0.0760, 0.0084, 0.0150, 0.0363, 0.0441, 0.0324, 0.0173, 0.0655, 0.0147, 0.0069, 0.0052, 0.0052, 0.0482, 0.0203, 0.0110, 0.0106, 0.0095, 0.0083, 0.0610, 0.0024, 0.0754, 0.1051, 0.0547, 0.1487, 0.0760, 0.0668, 0.0781, 0.0597, 0.0578, 0.0712, 0.1585, 0.2500, 0.2500, 0.0485, 0.0500
 0.8123, 0.6209, 0.8128, 0.5794, 0.0343, 0.0127, 0.0211, 0.0072, 0.0410, 0.0500, 0.0500, 0.0500, 0.0445, 0.0127, 0.0031, 0.0347, 0.0228, 0.0238, 0.0444, 0.0011, 0.0089, 0.0030, 0.0037, 0.0011, 0.0030, 0.0163, 0.0551, 0.0931, 0.1109, 0.0892, 0.0516, 0.0500, 0.0542, 0.0637, 0.2029, 0.1288, 0.0500
 0.3257, 0.0287, 0.0527, 1.0000, 0.3342, 0.0051, 0.0167, 0.0481, 0.0578, 0.1378, 0.0907, 0.0615, 0.0500, 0.0500, 0.0207, 0.0210, 0.0041, 0.0552, 0.0097, 0.0132, 0.0287, 0.0055, 0.0044, 0.0078, 0.0064, 0.0061, 0.1272, 0.0469, 0.0704, 0.1470, 0.1155, 0.0712, 0.0500, 0.0500, 0.1266, 0.1885, 0.1220
 0.3256, 0.0068, 0.0011, 0.0513, 0.0565, 0.0122, 0.0166, 0.0098, 0.0602, 0.2575, 0.0636, 0.0500, 0.0760, 0.0397, 0.0246, 0.1192, 0.0085, 0.0215, 0.0120, 0.0011, 0.0177, 0.0108, 0.0245, 0.0106, 0.0605, 0.0045, 0.0618, 0.1271, 0.0560, 0.0958, 0.1322, 0.0763, 0.0756, 0.0677, 0.0647, 0.0508, 0.1100
 0.0089, 0.0010, 0.0010, 0.0010, 0.0010, 0.0013, 0.0074, 0.0085, 0.0348, 0.5604, 0.0796, 0.0823, 0.0703, 0.0623, 0.0552, 0.0411, 0.0047, 0.0130, 0.0113, 0.0048, 0.1321, 0.1220, 0.0418, 0.1820, 0.0057, 0.0064, 0.0301, 0.0657, 0.0797, 0.0508, 0.0850, 0.0874, 0.0668, 0.0937, 0.0810, 0.0551, 0.0500
 0.0012, 0.0010, 0.0010, 0.0010, 0.0010, 0.0010, 0.0010, 0.0010, 0.0016, 0.0629, 0.0724, 0.0242, 0.0622, 0.1393, 0.0823, 0.0577, 0.0366, 0.0164, 0.0736, 0.0500, 0.0587, 0.0943, 0.0369, 0.0794, 0.2094, 0.0110, 0.0663, 0.1239, 0.0672, 0.0978, 0.0178, 0.0886, 0.0552, 0.0249, 0.0666, 0.1721, 0.0550
 0.0021, 0.0010, 0.0010, 0.0010, 0.0010, 0.0010, 0.0010, 0.0010, 0.0010, 0.0015, 0.0269, 0.1399, 0.1026, 0.0721, 0.0977, 0.0913, 0.0636, 0.0500, 0.0500, 0.0500, 0.0500, 0.0500, 0.0864, 0.1228, 0.1206, 0.1176, 0.1141, 0.0119, 0.0194, 0.0991, 0.0892, 0.0294, 0.0907, 0.0516, 0.0411, 0.0399, 0.0578
 0.0013, 0.0010, 0.0010, 0.0010, 0.0010, 0.0010, 0.0010, 0.0010, 0.0010, 0.0010, 0.0010, 0.0066, 0.0698, 0.0525, 0.0257, 0.0460, 0.0967, 0.0805, 0.0500, 0.0500, 0.0500, 0.0500, 0.0500, 0.0419, 0.1038, 0.0138, 0.1695, 0.0666, 0.0144, 0.0810, 0.0127, 0.0115, 0.0911, 0.0500, 0.0089, 0.0263, 0.0722
 0.0770, 0.0075, 0.0022, 0.0010, 0.0010, 0.0010, 0.0010, 0.0010, 0.0010, 0.0010, 0.0010, 0.0010, 0.0170, 0.2817, 0.0405, 0.0402, 0.0124, 0.1935, 0.0617, 0.0500, 0.0500, 0.0500, 0.0500, 0.0092, 0.0220, 0.0242, 0.0316, 0.0711, 0.0244, 0.0181, 0.0116, 0.0410, 0.0281, 0.0449, 0.0445, 0.0439, 0.0092
 0.0592, 0.0206, 0.0025, 0.0010, 0.0010, 0.0010, 0.0010, 0.0010, 0.0010, 0.0010, 0.0010, 0.0010, 0.0014, 0.0533, 0.0519, 0.0670, 0.0916, 0.0658, 0.1091, 0.0578, 0.0805, 0.0613, 0.1732, 0.0574, 0.0092, 0.0019, 0.0129, 0.0166, 0.0429, 0.0559, 0.0180, 0.0374, 0.0109, 0.0827, 0.0091, 0.0255, 0.0026
 0.0010, 0.0010, 0.0010, 0.0010, 0.0010, 0.0010, 0.0010, 0.0010, 0.0010, 0.0010, 0.0010, 0.0010, 0.0010, 0.0023, 0.0325, 0.0531, 0.0649, 0.1146, 0.0676, 0.0712, 0.1813, 0.0935, 0.0952, 0.0178, 0.0196, 0.0663, 0.0742, 0.1078, 0.0153, 0.0214, 0.0127, 0.0068, 0.0211, 0.0090, 0.0188, 0.0101, 0.1032
 0.0010, 0.0010, 0.0010, 0.0010, 0.0010, 0.0010, 0.0010, 0.0010, 0.0010, 0.0010, 0.0010, 0.0010, 0.0010, 0.0010, 0.0072, 0.0747, 0.3393, 0.0993, 0.0785, 0.0428, 0.0194, 0.0587, 0.0864, 0.0679, 0.0500, 0.1637, 0.2203, 0.2123, 0.0382, 0.0308, 0.0451, 0.0841, 0.0173, 0.0110, 0.0214, 0.0668, 0.0902
 0.0010, 0.0010, 0.0010, 0.0010, 0.0010, 0.0010, 0.0010, 0.0010, 0.0010, 0.0010, 0.0010, 0.0010, 0.0010, 0.0010, 0.0013, 0.0063, 0.0610, 0.0298, 0.0778, 0.1733, 0.1033, 0.0718, 0.0615, 0.1316, 0.0325, 0.2516, 0.0378, 0.1579, 0.0525, 0.0582, 0.0707, 0.2031, 0.1212, 0.0144, 0.0816, 0.0205, 0.0293
 0.0010, 0.0010, 0.0010, 0.0010, 0.0010, 0.0010, 0.0010, 0.0010, 0.0010, 0.0010, 0.0010, 0.0010, 0.0010, 0.0010, 0.0010, 0.0010, 0.0028, 0.0537, 0.0257, 0.2096, 0.7131, 0.1372, 0.0518, 0.0456, 0.0115, 0.0029, 0.0132, 0.0500, 0.0500, 0.0079, 0.0682, 0.0034, 0.0582, 0.1226, 0.0874, 0.0313, 0.0043
 0.0010, 0.0010, 0.0010, 0.0010, 0.0010, 0.0010, 0.0010, 0.0010, 0.0010, 0.0010, 0.0010, 0.0010, 0.0010, 0.0010, 0.0010, 0.0010, 0.0010, 0.0105, 0.0995, 0.0559, 0.3464, 0.3234, 0.0515, 0.0093, 0.0305, 0.0017, 0.0081, 0.0564, 0.0500, 0.0500, 0.0500, 0.0500, 0.0500, 0.0547, 0.3143, 0.0620, 0.0014
 0.0010, 0.0010, 0.0010, 0.0010, 0.0010, 0.0010, 0.0010, 0.0010, 0.0010, 0.0010, 0.0010, 0.0010, 0.0010, 0.0010, 0.0010, 0.0010, 0.0010, 0.0015, 0.2417, 0.1383, 0.0500, 0.0890, 0.0161, 0.0030, 0.0606, 0.0468, 0.0203, 0.0838, 0.1304, 0.0428, 0.0163, 0.0500, 0.0500, 0.0500, 0.0568, 0.0983, 0.0339
 0.0010, 0.0010, 0.0010, 0.0010, 0.0010, 0.0010, 0.0010, 0.0010, 0.0010, 0.0010, 0.0010, 0.0010, 0.0010, 0.0010, 0.0010, 0.0010, 0.0010, 0.0010, 0.0589, 0.7411, 0.2521, 0.0822, 0.0736, 0.0255, 0.0808, 0.1378, 0.0470, 0.0912, 0.3507, 0.0220, 0.0688, 0.0399, 0.0105, 0.0044, 0.0109, 0.0525, 0.0539
 0.0010, 0.0010, 0.0010, 0.0010, 0.0010, 0.0010, 0.0010, 0.0010, 0.0010, 0.0010, 0.0010, 0.0010, 0.0010, 0.0010, 0.0010, 0.0010, 0.0010, 0.0010, 0.0020, 0.9333, 0.8380, 0.4922, 0.3162, 0.0527, 0.0929, 0.0543, 0.0322, 0.0180, 0.0376, 0.1550, 0.1611, 0.2501, 0.1008, 0.0138, 0.0071, 0.0136, 0.0300
 0.0010, 0.0010, 0.0010, 0.0010, 0.0010, 0.0010, 0.0010, 0.0010, 0.0010, 0.0010, 0.0010, 0.0010, 0.0010, 0.0010, 0.0010, 0.0010, 0.0010, 0.0085, 0.3311, 1.0000, 1.0000, 0.3442, 0.1456, 0.0403, 0.0870, 0.1229, 0.0515, 0.0615, 0.0481, 0.0462, 0.0500, 0.0551, 0.0251, 0.0481, 0.0417, 0.1463, 0.0243
 0.0010, 0.0010, 0.0010, 0.0010, 0.0010, 0.0010, 0.0010, 0.0010, 0.0010, 0.0010, 0.0010, 0.0010, 0.0010, 0.0010, 0.0010, 0.0010, 0.0010, 0.0098, 0.2692, 0.5012, 1.0000, 0.9727, 0.2925, 0.3491, 0.0636, 0.1911, 0.2491, 0.0165, 0.0352, 0.0381, 0.0207, 0.0500, 0.0500, 0.0500, 0.0668, 0.0577, 0.0500
 0.0010, 0.0010, 0.0010, 0.0010, 0.0010, 0.0010, 0.0010, 0.0010, 0.0010, 0.0010, 0.0010, 0.0010, 0.0010, 0.0010, 0.0010, 0.0010, 0.0010, 0.0010, 0.0112, 0.0275, 1.0000, 0.9330, 0.9593, 0.2709, 0.1191, 0.0304, 0.0482, 0.0617, 0.0402, 0.1660, 0.0143, 0.0503, 0.0500, 0.0181, 0.0205, 0.1335, 0.0500
 0.0010, 0.0010, 0.0010, 0.0010, 0.0010, 0.0010, 0.0010, 0.0010, 0.0010, 0.0010, 0.0010, 0.0010, 0.0010, 0.0010, 0.0010, 0.0010, 0.0010, 0.0010, 0.0010, 0.0105, 1.0000, 1.0000, 1.0000, 0.9418, 0.4587, 0.2045, 0.0227, 0.0138, 0.0967, 0.1155, 0.0963, 0.0569, 0.0515, 0.0542, 0.1691, 0.1617, 0.0500
 0.0010, 0.0010, 0.0010, 0.0010, 0.0010, 0.0010, 0.0010, 0.0010, 0.0010, 0.0010, 0.0010, 0.0010, 0.0010, 0.0010, 0.0010, 0.0013, 0.0075, 0.0064, 0.0019, 0.0010, 0.0059, 0.1151, 0.5247, 0.9705, 0.3133, 0.7900, 0.0199, 0.0074, 0.0557, 0.0846, 0.0884, 0.1717, 0.2077, 0.0525, 0.0542, 0.1841, 0.0577
 0.0010, 0.0010, 0.0010, 0.0010, 0.0010, 0.0010, 0.0010, 0.0010, 0.0010, 0.0010, 0.0010, 0.0010, 0.0010, 0.0010, 0.0010, 0.0172, 0.1601, 0.2242, 0.4343, 0.1042, 0.0117, 0.6166, 0.1328, 0.3162, 0.8456, 0.3467, 0.0582, 0.0183, 0.0339, 0.0892, 0.0516, 0.3557, 0.0578, 0.2047, 0.0993, 0.1074, 0.0703
 0.0010, 0.0010, 0.0010, 0.0010, 0.0010, 0.0010, 0.0010, 0.0010, 0.0010, 0.0010, 0.0010, 0.0010, 0.0010, 0.0011, 0.0206, 0.0315, 0.1100, 0.2620, 0.2072, 0.1090, 0.1621, 0.7158, 0.1441, 0.1401, 0.0849, 0.0445, 0.0762, 0.0608, 0.0900, 0.0712, 0.0701, 0.0699, 0.0262, 0.0288, 0.1170, 0.1048, 0.0810
 0.0010, 0.0010, 0.0010, 0.0010, 0.0010, 0.0010, 0.0010, 0.0010, 0.0010, 0.0010, 0.0010, 0.0010, 0.0010, 0.0010, 0.0026, 0.0483, 0.2408, 0.1935, 0.1664, 0.1760, 0.0864, 0.2407, 0.1129, 0.0712, 0.0983, 0.0488, 0.0331, 0.0312, 0.0097, 0.0400, 0.1173, 0.0850, 0.0500, 0.0491, 0.0225, 0.1057, 0.2330
 0.0010, 0.0010, 0.0010, 0.0010, 0.0010, 0.0010, 0.0010, 0.0010, 0.0010, 0.0010, 0.0010, 0.0010, 0.0010, 0.0010, 0.0010, 0.0010, 0.0172, 0.2193, 0.1477, 0.1284, 0.2039, 0.1645, 0.0850, 0.0542, 0.0690, 0.1060, 0.0602, 0.0643, 0.0064, 0.0066, 0.0092, 0.0808, 0.0578, 0.0500, 0.0500, 0.0500, 0.1103
 0.0010, 0.0010, 0.0010, 0.0010, 0.0010, 0.0010, 0.0010, 0.0010, 0.0010, 0.0010, 0.0010, 0.0010, 0.0010, 0.0010, 0.0010, 0.0010, 0.0063, 0.2335, 0.2388, 0.2270, 0.3121, 0.1595, 0.0679, 0.0487, 0.0482, 0.0939, 0.0106, 0.0138, 0.0726, 0.1808, 0.0657, 0.2014, 0.0722, 0.0500, 0.0500, 0.0500, 0.0255
 0.0010, 0.0010, 0.0010, 0.0010, 0.0010, 0.0010, 0.0010, 0.0010, 0.0010, 0.0010, 0.0010, 0.0010, 0.0010, 0.0010, 0.0010, 0.0011, 0.0955, 0.6196, 0.4783, 0.2643, 0.3585, 0.1395, 0.0734, 0.0203, 0.0239, 0.0910, 0.0849, 0.0077, 0.0320, 0.1806, 0.1370, 0.0228, 0.0258, 0.0500, 0.0212, 0.0279, 0.0481
 0.0010, 0.0010, 0.0010, 0.0010, 0.0010, 0.0010, 0.0010, 0.0010, 0.0010, 0.0010, 0.0010, 0.0018, 0.0187, 0.0355, 0.0138, 0.0550, 0.8128, 0.0260, 0.2606, 0.2500, 0.2234, 0.2637, 0.1242, 0.0469, 0.0935, 0.0349, 0.1428, 0.0983, 0.1272, 0.1535, 0.1154, 0.0184, 0.0059, 0.0366, 0.0215, 0.0525, 0.0500
 0.0010, 0.0010, 0.0010, 0.0010, 0.0010, 0.0015, 0.0423, 0.0059, 0.0012, 0.0049, 0.4129, 0.2086, 0.1877, 0.2106, 0.4863, 0.8718, 0.3608, 0.1699, 0.2606, 0.3526, 0.3143, 0.2234, 0.1108, 0.0533, 0.0655, 0.0715, 0.1964, 0.1251, 0.0632, 0.0146, 0.0248, 0.0086, 0.0216, 0.0356, 0.0171, 0.0500, 0.0485
 0.0010, 0.0010, 0.0011, 0.0783, 0.0062, 0.0092, 0.2166, 0.2058, 0.1897, 0.4046, 0.3934, 0.2270, 0.1543, 0.1015, 0.1202, 0.3156, 0.4763, 0.2500, 0.2500, 0.2500, 0.2500, 0.1688, 0.2470, 0.0950, 0.0666, 0.0525, 0.0543, 0.0916, 0.0907, 0.0928, 0.0465, 0.0380, 0.0693, 0.0712, 0.1497, 0.0692, 0.0500
 0.0010, 0.0010, 0.0010, 0.1294, 0.4866, 0.2928, 0.1206, 0.0376, 0.1365, 0.1775, 0.1800, 0.1423, 0.2128, 0.1755, 0.1423, 0.1932, 0.2382, 0.2500, 0.2500, 0.2307, 0.1699, 0.1378, 0.0864, 0.1147, 0.2209, 0.1100, 0.1280, 0.0525, 0.1356, 0.1494, 0.1118, 0.0315, 0.0117, 0.0701, 0.0533, 0.0366, 0.0267
 2    - gridded albedo field                                                  
   0.18,   0.17,   0.20,   0.21,   0.24,   0.28,   0.27,   0.28,   0.24,   0.27,   0.22,   0.19,   0.16,   0.12,   0.17,   0.13,   0.18,   0.19,   0.17,   0.15,   0.17,   0.12,   0.15,   0.14,   0.24,   0.20,   0.26,   0.27,   0.26,   0.28,   0.29,   0.27,   0.19,   0.15,   0.15,   0.21,   0.30
   0.18,   0.17,   0.18,   0.17,   0.17,   0.23,   0.19,   0.20,   0.29,   0.30,   0.30,   0.30,   0.29,   0.23,   0.12,   0.15,   0.23,   0.22,   0.14,   0.10,   0.17,   0.16,   0.17,   0.10,   0.16,   0.24,   0.29,   0.24,   0.23,   0.25,   0.30,   0.30,   0.29,   0.28,   0.18,   0.24,   0.30
   0.16,   0.14,   0.15,   0.18,   0.17,   0.15,   0.24,   0.30,   0.29,   0.21,   0.24,   0.28,   0.30,   0.30,   0.24,   0.24,   0.17,   0.28,   0.22,   0.23,   0.27,   0.15,   0.18,   0.20,   0.18,   0.19,   0.21,   0.27,   0.25,   0.20,   0.22,   0.27,   0.30,   0.30,   0.22,   0.18,   0.22
   0.16,   0.12,   0.10,   0.15,   0.15,   0.17,   0.16,   0.21,   0.24,   0.20,   0.28,   0.30,   0.26,   0.29,   0.25,   0.22,   0.14,   0.14,   0.21,   0.10,   0.13,   0.13,   0.26,   0.20,   0.14,   0.12,   0.23,   0.17,   0.16,   0.24,   0.21,   0.26,   0.26,   0.27,   0.28,   0.30,   0.23
   0.12,   0.10,   0.10,   0.10,   0.10,   0.10,   0.13,   0.20,   0.21,   0.19,   0.26,   0.25,   0.27,   0.28,   0.29,   0.29,   0.16,   0.17,   0.18,   0.15,   0.15,   0.14,   0.16,   0.16,   0.17,   0.18,   0.27,   0.27,   0.26,   0.30,   0.25,   0.25,   0.27,   0.24,   0.25,   0.29,   0.30
   0.11,   0.10,   0.10,   0.10,   0.10,   0.10,   0.10,   0.10,   0.11,   0.25,   0.27,   0.26,   0.26,   0.23,   0.25,   0.29,   0.28,   0.23,   0.26,   0.30,   0.28,   0.24,   0.20,   0.17,   0.17,   0.21,   0.27,   0.22,   0.20,   0.22,   0.17,   0.24,   0.29,   0.26,   0.25,   0.18,   0.29
   0.11,   0.10,   0.10,   0.10,   0.10,   0.10,   0.10,   0.10,   0.10,   0.12,   0.22,   0.26,   0.27,   0.28,   0.24,   0.24,   0.28,   0.30,   0.30,   0.30,   0.30,   0.30,   0.25,   0.15,   0.16,   0.16,   0.21,   0.20,   0.19,   0.16,   0.21,   0.26,   0.24,   0.30,   0.29,   0.27,   0.29
   0.10,   0.10,   0.10,   0.10,   0.10,   0.10,   0.10,   0.10,   0.10,   0.10,   0.10,   0.17,   0.26,   0.30,   0.27,   0.24,   0.24,   0.26,   0.30,   0.30,   0.30,   0.30,   0.30,   0.20,   0.16,   0.16,   0.17,   0.16,   0.19,   0.22,   0.19,   0.18,   0.22,   0.30,   0.21,   0.26,   0.27
   0.12,   0.10,   0.10,   0.10,   0.10,   0.10,   0.10,   0.10,   0.10,   0.10,   0.10,   0.10,   0.16,   0.20,   0.27,   0.29,   0.19,   0.21,   0.28,   0.30,   0.30,   0.30,   0.30,   0.21,   0.25,   0.26,   0.19,   0.24,   0.23,   0.25,   0.23,   0.17,   0.21,   0.25,   0.29,   0.28,   0.12
   0.13,   0.10,   0.10,   0.10,   0.10,   0.10,   0.10,   0.10,   0.10,   0.10,   0.10,   0.10,   0.10,   0.18,   0.27,   0.27,   0.24,   0.28,   0.23,   0.29,   0.27,   0.29,   0.18,   0.24,   0.21,   0.12,   0.17,   0.23,   0.27,   0.29,   0.24,   0.14,   0.22,   0.25,   0.19,   0.27,   0.15
   0.10,   0.10,   0.10,   0.10,   0.10,   0.10,   0.10,   0.10,   0.10,   0.10,   0.10,   0.10,   0.10,   0.11,   0.18,   0.28,   0.29,   0.27,   0.29,   0.27,   0.19,   0.25,   0.24,   0.24,   0.25,   0.27,   0.18,   0.18,   0.19,   0.19,   0.23,   0.16,   0.18,   0.20,   0.25,   0.17,   0.23
   0.10,   0.10,   0.10,   0.10,   0.10,   0.10,   0.10,   0.10,   0.10,   0.10,   0.10,   0.10,   0.10,   0.10,   0.13,   0.27,   0.20,   0.26,   0.27,   0.25,   0.25,   0.28,   0.25,   0.27,   0.30,   0.25,   0.24,   0.21,   0.24,   0.25,   0.22,   0.14,   0.14,   0.13,   0.24,   0.27,   0.21
   0.10,   0.10,   0.10,   0.10,   0.10,   0.10,   0.10,   0.10,   0.10,   0.10,   0.10,   0.10,   0.10,   0.10,   0.11,   0.18,   0.22,   0.25,   0.23,   0.20,   0.25,   0.29,   0.28,   0.25,   0.21,   0.20,   0.18,   0.25,   0.30,   0.17,   0.23,   0.17,   0.15,   0.16,   0.22,   0.21,   0.24
   0.10,   0.10,   0.10,   0.10,   0.10,   0.10,   0.10,   0.10,   0.10,   0.10,   0.10,   0.10,   0.10,   0.10,   0.10,   0.10,   0.12,   0.21,   0.27,   0.23,   0.19,   0.26,   0.29,   0.24,   0.13,   0.13,   0.23,   0.30,   0.30,   0.19,   0.25,   0.16,   0.17,   0.19,   0.15,   0.15,   0.17
   0.10,   0.10,   0.10,   0.10,   0.10,   0.10,   0.10,   0.10,   0.10,   0.10,   0.10,   0.10,   0.10,   0.10,   0.10,   0.10,   0.10,   0.13,   0.22,   0.25,   0.22,   0.20,   0.30,   0.21,   0.20,   0.12,   0.21,   0.30,   0.30,   0.30,   0.30,   0.30,   0.30,   0.30,   0.22,   0.20,   0.11
   0.10,   0.10,   0.10,   0.10,   0.10,   0.10,   0.10,   0.10,   0.10,   0.10,   0.10,   0.10,   0.10,   0.10,   0.10,   0.10,   0.10,   0.10,   0.19,   0.24,   0.30,   0.26,   0.18,   0.16,   0.24,   0.28,   0.25,   0.26,   0.26,   0.29,   0.24,   0.30,   0.30,   0.30,   0.27,   0.24,   0.18
   0.10,   0.10,   0.10,   0.10,   0.10,   0.10,   0.10,   0.10,   0.10,   0.10,   0.10,   0.10,   0.10,   0.10,   0.10,   0.10,   0.10,   0.10,   0.15,   0.19,   0.24,   0.28,   0.27,   0.19,   0.23,   0.21,   0.28,   0.26,   0.22,   0.22,   0.15,   0.22,   0.22,   0.18,   0.22,   0.30,   0.20
   0.10,   0.10,   0.10,   0.10,   0.10,   0.10,   0.10,   0.10,   0.10,   0.10,   0.10,   0.10,   0.10,   0.10,   0.10,   0.10,   0.10,   0.10,   0.11,   0.18,   0.19,   0.21,   0.19,   0.23,   0.16,   0.29,   0.27,   0.21,   0.17,   0.19,   0.19,   0.16,   0.18,   0.23,   0.20,   0.20,   0.20
   0.10,   0.10,   0.10,   0.10,   0.10,   0.10,   0.10,   0.10,   0.10,   0.10,   0.10,   0.10,   0.10,   0.10,   0.10,   0.10,   0.10,   0.12,   0.17,   0.18,   0.18,   0.22,   0.24,   0.23,   0.20,   0.22,   0.18,   0.25,   0.30,   0.30,   0.30,   0.29,   0.26,   0.30,   0.18,   0.18,   0.24
   0.10,   0.10,   0.10,   0.10,   0.10,   0.10,   0.10,   0.10,   0.10,   0.10,   0.10,   0.10,   0.10,   0.10,   0.10,   0.10,   0.10,   0.13,   0.16,   0.17,   0.18,   0.18,   0.19,   0.21,   0.22,   0.18,   0.18,   0.18,   0.28,   0.27,   0.25,   0.30,   0.30,   0.30,   0.27,   0.29,   0.30
   0.10,   0.10,   0.10,   0.10,   0.10,   0.10,   0.10,   0.10,   0.10,   0.10,   0.10,   0.10,   0.10,   0.10,   0.10,   0.10,   0.10,   0.10,   0.13,   0.14,   0.18,   0.18,   0.18,   0.23,   0.25,   0.26,   0.21,   0.28,   0.22,   0.18,   0.22,   0.27,   0.30,   0.25,   0.20,   0.26,   0.30
   0.10,   0.10,   0.10,   0.10,   0.10,   0.10,   0.10,   0.10,   0.10,   0.10,   0.10,   0.10,   0.10,   0.10,   0.10,   0.10,   0.10,   0.10,   0.10,   0.13,   0.18,   0.18,   0.18,   0.18,   0.20,   0.18,   0.22,   0.23,   0.24,   0.22,   0.18,   0.29,   0.30,   0.29,   0.17,   0.21,   0.30
   0.10,   0.10,   0.10,   0.10,   0.10,   0.10,   0.10,   0.10,   0.10,   0.10,   0.10,   0.10,   0.10,   0.10,   0.10,   0.11,   0.18,   0.12,   0.11,   0.10,   0.12,   0.15,   0.19,   0.18,   0.22,   0.17,   0.21,   0.20,   0.28,   0.25,   0.25,   0.22,   0.24,   0.30,   0.29,   0.18,   0.29
   0.10,   0.10,   0.10,   0.10,   0.10,   0.10,   0.10,   0.10,   0.10,   0.10,   0.10,   0.10,   0.10,   0.10,   0.10,   0.14,   0.19,   0.19,   0.16,   0.16,   0.13,   0.17,   0.25,   0.19,   0.18,   0.18,   0.26,   0.14,   0.19,   0.25,   0.30,   0.20,   0.24,   0.17,   0.24,   0.23,   0.27
   0.10,   0.10,   0.10,   0.10,   0.10,   0.10,   0.10,   0.10,   0.10,   0.10,   0.10,   0.10,   0.10,   0.10,   0.15,   0.19,   0.23,   0.17,   0.19,   0.23,   0.22,   0.18,   0.22,   0.20,   0.26,   0.29,   0.25,   0.19,   0.20,   0.27,   0.27,   0.27,   0.25,   0.20,   0.15,   0.23,   0.25
   0.10,   0.10,   0.10,   0.10,   0.10,   0.10,   0.10,   0.10,   0.10,   0.10,   0.10,   0.10,   0.10,   0.10,   0.11,   0.16,   0.20,   0.21,   0.19,   0.18,   0.25,   0.18,   0.24,   0.27,   0.24,   0.26,   0.13,   0.22,   0.14,   0.19,   0.21,   0.25,   0.30,   0.27,   0.24,   0.23,   0.16
   0.10,   0.10,   0.10,   0.10,   0.10,   0.10,   0.10,   0.10,   0.10,   0.10,   0.10,   0.10,   0.10,   0.10,   0.10,   0.10,   0.13,   0.16,   0.20,   0.21,   0.19,   0.19,   0.25,   0.29,   0.27,   0.21,   0.16,   0.21,   0.15,   0.14,   0.13,   0.23,   0.29,   0.30,   0.30,   0.30,   0.24
   0.10,   0.10,   0.10,   0.10,   0.10,   0.10,   0.10,   0.10,   0.10,   0.10,   0.10,   0.10,   0.10,   0.10,   0.10,   0.10,   0.12,   0.13,   0.14,   0.16,   0.15,   0.23,   0.27,   0.24,   0.29,   0.24,   0.16,   0.21,   0.27,   0.15,   0.14,   0.16,   0.27,   0.30,   0.30,   0.30,   0.22
   0.10,   0.10,   0.10,   0.10,   0.10,   0.10,   0.10,   0.10,   0.10,   0.10,   0.10,   0.10,   0.10,   0.10,   0.10,   0.10,   0.15,   0.16,   0.16,   0.15,   0.16,   0.21,   0.26,   0.25,   0.23,   0.26,   0.25,   0.20,   0.20,   0.18,   0.14,   0.13,   0.16,   0.30,   0.19,   0.27,   0.30
   0.10,   0.10,   0.10,   0.10,   0.10,   0.10,   0.10,   0.10,   0.10,   0.10,   0.10,   0.11,   0.13,   0.13,   0.13,   0.15,   0.18,   0.14,   0.15,   0.15,   0.16,   0.15,   0.18,   0.24,   0.24,   0.19,   0.22,   0.24,   0.21,   0.18,   0.14,   0.13,   0.15,   0.28,   0.22,   0.30,   0.30
   0.10,   0.10,   0.10,   0.10,   0.10,   0.10,   0.14,   0.16,   0.11,   0.12,   0.17,   0.15,   0.18,   0.17,   0.16,   0.18,   0.16,   0.15,   0.15,   0.16,   0.16,   0.21,   0.23,   0.29,   0.27,   0.27,   0.17,   0.21,   0.19,   0.12,   0.13,   0.21,   0.17,   0.28,   0.23,   0.30,   0.29
   0.10,   0.10,   0.10,   0.15,   0.12,   0.14,   0.16,   0.17,   0.18,   0.17,   0.16,   0.16,   0.20,   0.23,   0.22,   0.16,   0.16,   0.15,   0.15,   0.15,   0.15,   0.19,   0.19,   0.26,   0.27,   0.30,   0.29,   0.24,   0.24,   0.21,   0.22,   0.29,   0.25,   0.27,   0.19,   0.27,   0.30
   0.10,   0.10,   0.10,   0.16,   0.17,   0.17,   0.20,   0.19,   0.21,   0.19,   0.19,   0.20,   0.17,   0.18,   0.20,   0.17,   0.15,   0.15,   0.15,   0.16,   0.19,   0.21,   0.25,   0.24,   0.17,   0.23,   0.21,   0.30,   0.21,   0.20,   0.23,   0.24,   0.18,   0.27,   0.29,   0.28,   0.27
 2    - gridded Bowen ratio field                                             
   1.49,   1.29,   0.99,   0.55,   0.69,   0.91,   0.93,   0.89,   0.72,   1.00,   0.66,   0.48,   0.37,   0.30,   0.76,   0.55,   0.54,   0.55,   0.50,   0.44,   0.80,   0.18,   0.82,   0.85,   0.90,   1.00,   1.00,   1.00,   1.00,   1.00,   1.00,   1.00,   1.00,   1.00,   1.00,   0.84,   1.00
   1.43,   1.40,   1.46,   1.38,   0.80,   0.65,   0.67,   0.50,   0.95,   1.00,   1.00,   1.00,   0.97,   0.65,   0.22,   0.68,   0.75,   0.73,   0.69,   0.02,   0.49,   0.28,   0.33,   0.02,   0.28,   0.71,   1.00,   1.00,   1.00,   1.00,   1.00,   1.00,   1.00,   1.00,   1.04,   1.08,   1.00
   1.14,   0.72,   0.86,   1.50,   1.26,   0.38,   0.72,   0.99,   1.00,   1.00,   1.00,   1.00,   1.00,   1.00,   0.75,   0.75,   0.36,   0.98,   0.58,   0.66,   0.85,   0.36,   0.38,   0.52,   0.44,   0.46,   1.00,   0.93,   0.96,   1.00,   1.00,   1.00,   1.00,   1.00,   1.01,   1.02,   1.00
   1.12,   0.41,   0.03,   0.86,   0.88,   0.59,   0.63,   0.57,   0.92,   1.15,   1.00,   1.00,   1.00,   0.94,   0.80,   1.00,   0.42,   0.57,   0.61,   0.02,   0.52,   0.45,   0.82,   0.57,   0.74,   0.28,   0.91,   0.93,   0.77,   1.00,   1.00,   1.00,   1.00,   1.00,   1.00,   1.00,   1.00
   0.41,   0.00,   0.00,   0.00,   0.00,   0.06,   0.44,   0.54,   0.82,   1.35,   1.00,   1.00,   1.00,   1.01,   1.00,   0.95,   0.36,   0.54,   0.55,   0.35,   0.95,   0.87,   0.72,   0.96,   0.41,   0.44,   0.87,   1.00,   1.00,   1.00,   1.00,   1.00,   1.00,   1.00,   1.00,   1.00,   1.00
   0.04,   0.00,   0.00,   0.00,   0.00,   0.00,   0.00,   0.00,   0.11,   1.00,   1.00,   0.81,   0.97,   1.09,   1.00,   1.00,   0.92,   0.69,   1.00,   1.00,   1.00,   1.00,   0.77,   0.85,   1.00,   0.58,   0.99,   1.00,   0.87,   0.97,   0.60,   0.99,   1.00,   0.82,   0.95,   1.00,   1.00
   0.06,   0.00,   0.00,   0.00,   0.00,   0.00,   0.00,   0.00,   0.00,   0.11,   0.79,   1.17,   1.12,   1.05,   1.00,   1.00,   1.00,   1.00,   1.00,   1.00,   1.00,   1.00,   1.00,   0.88,   0.90,   0.90,   0.98,   0.58,   0.64,   0.86,   0.93,   0.84,   1.00,   1.00,   0.95,   0.91,   1.00
   0.01,   0.00,   0.00,   0.00,   0.00,   0.00,   0.00,   0.00,   0.00,   0.00,   0.00,   0.46,   1.00,   1.00,   0.83,   0.88,   1.00,   1.01,   1.00,   1.00,   1.00,   1.00,   1.00,   0.79,   0.87,   0.54,   1.06,   0.81,   0.60,   0.93,   0.58,   0.55,   0.96,   1.00,   0.56,   0.83,   1.00
   0.50,   0.06,   0.01,   0.00,   0.00,   0.00,   0.00,   0.00,   0.00,   0.00,   0.00,   0.00,   0.58,   1.20,   0.91,   0.94,   0.57,   1.11,   1.00,   1.00,   1.00,   1.00,   1.00,   0.57,   0.77,   0.81,   0.75,   0.95,   0.75,   0.74,   0.63,   0.73,   0.75,   0.89,   0.97,   0.95,   0.40
   0.65,   0.08,   0.02,   0.00,   0.00,   0.00,   0.00,   0.00,   0.00,   0.00,   0.00,   0.00,   0.06,   0.79,   0.96,   1.00,   1.00,   1.00,   1.00,   1.00,   1.05,   1.01,   1.00,   0.92,   0.57,   0.14,   0.55,   0.69,   0.92,   1.00,   0.73,   0.67,   0.61,   1.00,   0.52,   0.83,   0.24
   0.00,   0.00,   0.00,   0.00,   0.00,   0.00,   0.00,   0.00,   0.00,   0.00,   0.00,   0.00,   0.00,   0.15,   0.72,   0.99,   1.03,   1.14,   1.04,   1.00,   1.04,   1.04,   1.00,   0.72,   0.76,   0.99,   0.85,   0.95,   0.63,   0.66,   0.65,   0.43,   0.64,   0.54,   0.75,   0.50,   1.00
   0.00,   0.00,   0.00,   0.00,   0.00,   0.00,   0.00,   0.00,   0.00,   0.00,   0.00,   0.00,   0.00,   0.00,   0.43,   1.03,   1.24,   1.09,   1.05,   0.89,   0.76,   1.00,   1.00,   1.00,   1.00,   1.20,   1.25,   1.15,   0.88,   0.84,   0.87,   0.82,   0.55,   0.46,   0.76,   1.00,   0.94
   0.00,   0.00,   0.00,   0.00,   0.00,   0.00,   0.00,   0.00,   0.00,   0.00,   0.00,   0.00,   0.00,   0.00,   0.06,   0.46,   0.96,   0.85,   0.96,   1.03,   1.07,   1.06,   1.00,   1.14,   0.80,   1.24,   0.82,   1.18,   1.00,   0.80,   0.94,   1.00,   0.91,   0.56,   0.94,   0.69,   0.83
   0.00,   0.00,   0.00,   0.00,   0.00,   0.00,   0.00,   0.00,   0.00,   0.00,   0.00,   0.00,   0.00,   0.00,   0.00,   0.00,   0.23,   0.92,   0.83,   1.22,   1.44,   1.17,   0.98,   0.88,   0.46,   0.22,   0.66,   1.00,   1.00,   0.50,   0.96,   0.31,   0.80,   0.95,   0.86,   0.74,   0.37
   0.00,   0.00,   0.00,   0.00,   0.00,   0.00,   0.00,   0.00,   0.00,   0.00,   0.00,   0.00,   0.00,   0.00,   0.00,   0.00,   0.00,   0.51,   1.06,   0.97,   1.31,   1.23,   1.00,   0.57,   0.74,   0.13,   0.54,   1.02,   1.00,   1.00,   1.00,   1.00,   1.00,   1.01,   1.27,   0.85,   0.07
   0.00,   0.00,   0.00,   0.00,   0.00,   0.00,   0.00,   0.00,   0.00,   0.00,   0.00,   0.00,   0.00,   0.00,   0.00,   0.00,   0.00,   0.09,   1.22,   1.10,   1.00,   1.08,   0.61,   0.28,   0.93,   0.95,   0.77,   1.07,   1.16,   0.96,   0.71,   1.00,   1.00,   1.00,   0.99,   1.00,   0.72
   0.00,   0.00,   0.00,   0.00,   0.00,   0.00,   0.00,   0.00,   0.00,   0.00,   0.00,   0.00,   0.00,   0.00,   0.00,   0.00,   0.00,   0.00,   0.88,   1.45,   1.27,   1.08,   1.00,   0.69,   0.95,   1.00,   0.96,   1.09,   1.31,   0.73,   0.81,   0.87,   0.60,   0.38,   0.61,   1.00,   0.83
   0.00,   0.00,   0.00,   0.00,   0.00,   0.00,   0.00,   0.00,   0.00,   0.00,   0.00,   0.00,   0.00,   0.00,   0.00,   0.00,   0.00,   0.00,   0.15,   1.49,   1.47,   1.38,   1.19,   0.89,   0.86,   1.00,   0.87,   0.70,   0.77,   1.00,   1.00,   1.03,   0.93,   0.67,   0.50,   0.61,   0.74
   0.00,   0.00,   0.00,   0.00,   0.00,   0.00,   0.00,   0.00,   0.00,   0.00,   0.00,   0.00,   0.00,   0.00,   0.00,   0.00,   0.00,   0.47,   1.26,   1.50,   1.50,   1.32,   1.13,   0.85,   1.00,   1.00,   0.82,   0.95,   0.99,   0.98,   1.00,   1.00,   0.82,   0.99,   0.76,   0.97,   0.77
   0.00,   0.00,   0.00,   0.00,   0.00,   0.00,   0.00,   0.00,   0.00,   0.00,   0.00,   0.00,   0.00,   0.00,   0.00,   0.00,   0.00,   0.50,   1.22,   1.35,   1.50,   1.49,   1.16,   1.29,   0.95,   1.02,   1.08,   0.61,   0.91,   0.91,   0.76,   1.00,   1.00,   1.00,   1.00,   1.00,   1.00
   0.00,   0.00,   0.00,   0.00,   0.00,   0.00,   0.00,   0.00,   0.00,   0.00,   0.00,   0.00,   0.00,   0.00,   0.00,   0.00,   0.00,   0.00,   0.52,   0.72,   1.50,   1.47,   1.49,   1.28,   1.11,   0.85,   0.83,   1.00,   0.82,   0.99,   0.66,   0.94,   1.00,   0.74,   0.69,   1.16,   1.00
   0.00,   0.00,   0.00,   0.00,   0.00,   0.00,   0.00,   0.00,   0.00,   0.00,   0.00,   0.00,   0.00,   0.00,   0.00,   0.00,   0.00,   0.00,   0.00,   0.51,   1.50,   1.50,   1.50,   1.49,   1.34,   1.02,   0.72,   0.66,   1.00,   1.00,   0.90,   1.00,   1.00,   1.00,   0.97,   1.08,   1.00
   0.00,   0.00,   0.00,   0.00,   0.00,   0.00,   0.00,   0.00,   0.00,   0.00,   0.00,   0.00,   0.00,   0.00,   0.00,   0.06,   0.48,   0.40,   0.14,   0.00,   0.39,   1.03,   1.38,   1.50,   1.28,   1.41,   0.73,   0.51,   0.99,   1.00,   1.00,   1.12,   1.23,   1.00,   1.00,   1.00,   1.00
   0.00,   0.00,   0.00,   0.00,   0.00,   0.00,   0.00,   0.00,   0.00,   0.00,   0.00,   0.00,   0.00,   0.00,   0.00,   0.55,   1.01,   1.10,   1.20,   1.01,   0.53,   1.39,   1.12,   1.19,   1.44,   1.21,   1.00,   0.55,   0.74,   1.00,   1.00,   1.27,   0.96,   1.01,   1.00,   1.00,   1.00
   0.00,   0.00,   0.00,   0.00,   0.00,   0.00,   0.00,   0.00,   0.00,   0.00,   0.00,   0.00,   0.00,   0.01,   0.58,   0.73,   1.00,   1.08,   1.06,   1.02,   1.11,   1.39,   1.04,   1.00,   1.04,   0.97,   0.98,   0.84,   0.92,   1.00,   1.00,   1.00,   0.81,   0.74,   0.88,   1.00,   1.00
   0.00,   0.00,   0.00,   0.00,   0.00,   0.00,   0.00,   0.00,   0.00,   0.00,   0.00,   0.00,   0.00,   0.00,   0.17,   0.78,   1.16,   1.11,   1.01,   1.00,   1.00,   1.09,   1.05,   1.00,   1.00,   0.92,   0.63,   0.79,   0.45,   0.77,   0.99,   1.00,   1.00,   0.95,   0.76,   1.00,   1.01
   0.00,   0.00,   0.00,   0.00,   0.00,   0.00,   0.00,   0.00,   0.00,   0.00,   0.00,   0.00,   0.00,   0.00,   0.00,   0.00,   0.56,   1.00,   1.00,   1.00,   1.06,   1.00,   1.00,   1.00,   1.00,   0.97,   0.78,   0.88,   0.40,   0.38,   0.41,   0.95,   1.00,   1.00,   1.00,   1.00,   1.03
   0.00,   0.00,   0.00,   0.00,   0.00,   0.00,   0.00,   0.00,   0.00,   0.00,   0.00,   0.00,   0.00,   0.00,   0.00,   0.00,   0.40,   0.63,   0.73,   1.00,   1.08,   1.11,   1.00,   0.89,   0.97,   0.99,   0.50,   0.63,   1.00,   0.95,   0.76,   0.99,   1.00,   1.00,   1.00,   1.00,   0.75
   0.00,   0.00,   0.00,   0.00,   0.00,   0.00,   0.00,   0.00,   0.00,   0.00,   0.00,   0.00,   0.00,   0.00,   0.00,   0.03,   0.99,   1.17,   1.10,   1.02,   1.13,   1.02,   0.99,   0.77,   0.77,   1.07,   1.01,   0.50,   0.75,   1.00,   0.89,   0.57,   0.65,   1.00,   0.67,   0.85,   0.99
   0.00,   0.00,   0.00,   0.00,   0.00,   0.00,   0.00,   0.00,   0.00,   0.00,   0.00,   0.11,   0.53,   0.68,   0.57,   0.87,   1.46,   0.67,   1.01,   1.00,   1.00,   1.02,   0.99,   0.89,   1.00,   0.76,   1.07,   1.00,   1.00,   0.97,   0.86,   0.53,   0.39,   0.92,   0.72,   1.00,   1.00
   0.00,   0.00,   0.00,   0.00,   0.00,   0.07,   0.69,   0.39,   0.04,   0.34,   1.29,   1.02,   1.00,   1.02,   1.24,   1.45,   1.23,   0.93,   1.01,   1.12,   1.10,   1.14,   1.02,   1.00,   1.00,   1.00,   1.00,   1.00,   0.85,   0.49,   0.59,   0.55,   0.64,   0.90,   0.70,   1.00,   0.98
   0.00,   0.00,   0.03,   0.91,   0.33,   0.43,   1.00,   1.00,   1.00,   1.22,   1.16,   1.00,   1.00,   1.00,   1.00,   1.08,   1.23,   1.00,   1.00,   1.00,   1.00,   1.01,   1.13,   1.06,   1.00,   1.00,   1.00,   1.00,   1.00,   0.94,   0.85,   0.93,   0.96,   1.00,   0.98,   1.00,   1.00
   0.00,   0.00,   0.00,   1.05,   1.26,   1.12,   0.97,   0.75,   1.00,   1.01,   1.01,   1.00,   1.00,   1.00,   1.00,   1.00,   1.00,   1.00,   1.00,   1.00,   1.00,   1.00,   1.00,   1.05,   1.02,   1.00,   1.00,   1.00,   1.00,   1.00,   1.00,   0.82,   0.55,   1.00,   1.00,   0.92,   0.84
 2    - gridded soil heat flux parameters                                     
   0.25,   0.36,   0.39,   0.54,   0.41,   0.23,   0.21,   0.24,   0.39,   0.15,   0.44,   0.59,   0.69,   0.75,   0.35,   0.54,   0.54,   0.53,   0.58,   0.62,   0.32,   0.85,   0.34,   0.29,   0.23,   0.15,   0.15,   0.15,   0.15,   0.15,   0.15,   0.15,   0.15,   0.15,   0.15,   0.29,   0.15
   0.24,   0.30,   0.27,   0.31,   0.54,   0.45,   0.43,   0.57,   0.19,   0.15,   0.15,   0.15,   0.18,   0.45,   0.81,   0.42,   0.36,   0.38,   0.41,   0.98,   0.58,   0.76,   0.72,   0.98,   0.76,   0.39,   0.15,   0.15,   0.15,   0.15,   0.15,   0.15,   0.15,   0.15,   0.16,   0.17,   0.15
   0.23,   0.63,   0.57,   0.25,   0.36,   0.73,   0.39,   0.16,   0.15,   0.15,   0.15,   0.15,   0.15,   0.15,   0.36,   0.36,   0.69,   0.17,   0.51,   0.44,   0.28,   0.69,   0.68,   0.55,   0.63,   0.61,   0.15,   0.21,   0.18,   0.15,   0.15,   0.15,   0.15,   0.15,   0.15,   0.15,   0.15
   0.21,   0.78,   0.99,   0.57,   0.56,   0.61,   0.62,   0.53,   0.22,   0.18,   0.15,   0.15,   0.15,   0.20,   0.32,   0.15,   0.64,   0.52,   0.48,   0.98,   0.56,   0.62,   0.30,   0.52,   0.37,   0.76,   0.23,   0.21,   0.35,   0.15,   0.15,   0.15,   0.15,   0.15,   0.15,   0.15,   0.15
   0.68,   1.00,   1.00,   1.00,   1.00,   0.97,   0.75,   0.56,   0.42,   0.22,   0.15,   0.15,   0.15,   0.15,   0.15,   0.19,   0.70,   0.54,   0.53,   0.70,   0.32,   0.26,   0.39,   0.18,   0.65,   0.63,   0.26,   0.15,   0.15,   0.15,   0.15,   0.15,   0.15,   0.15,   0.15,   0.15,   0.15
   0.97,   1.00,   1.00,   1.00,   1.00,   1.00,   1.00,   1.00,   0.95,   0.27,   0.15,   0.31,   0.21,   0.17,   0.15,   0.15,   0.22,   0.41,   0.15,   0.15,   0.15,   0.15,   0.34,   0.28,   0.15,   0.50,   0.16,   0.15,   0.26,   0.18,   0.49,   0.16,   0.15,   0.30,   0.19,   0.15,   0.15
   0.88,   1.00,   1.00,   1.00,   1.00,   1.00,   1.00,   1.00,   1.00,   0.91,   0.41,   0.18,   0.17,   0.16,   0.15,   0.15,   0.15,   0.15,   0.15,   0.15,   0.15,   0.15,   0.15,   0.25,   0.24,   0.23,   0.19,   0.51,   0.45,   0.27,   0.21,   0.29,   0.15,   0.15,   0.19,   0.23,   0.15
   0.96,   1.00,   1.00,   1.00,   1.00,   1.00,   1.00,   1.00,   1.00,   1.00,   1.00,   0.65,   0.19,   0.15,   0.29,   0.25,   0.15,   0.15,   0.15,   0.15,   0.15,   0.15,   0.15,   0.33,   0.26,   0.54,   0.32,   0.34,   0.49,   0.21,   0.51,   0.53,   0.18,   0.15,   0.52,   0.29,   0.15
   0.35,   0.71,   0.89,   1.00,   1.00,   1.00,   1.00,   1.00,   1.00,   1.00,   1.00,   1.00,   0.54,   0.19,   0.23,   0.20,   0.52,   0.17,   0.15,   0.15,   0.15,   0.15,   0.15,   0.52,   0.35,   0.31,   0.40,   0.19,   0.36,   0.37,   0.47,   0.38,   0.36,   0.24,   0.18,   0.19,   0.66
   0.38,   0.57,   0.87,   1.00,   1.00,   1.00,   1.00,   1.00,   1.00,   1.00,   1.00,   1.00,   0.95,   0.33,   0.18,   0.15,   0.15,   0.15,   0.15,   0.15,   0.16,   0.15,   0.15,   0.22,   0.52,   0.88,   0.54,   0.41,   0.22,   0.15,   0.38,   0.43,   0.48,   0.15,   0.55,   0.30,   0.80
   1.00,   1.00,   1.00,   1.00,   1.00,   1.00,   1.00,   1.00,   1.00,   1.00,   1.00,   1.00,   1.00,   0.87,   0.40,   0.20,   0.16,   0.18,   0.16,   0.15,   0.16,   0.16,   0.15,   0.39,   0.35,   0.16,   0.28,   0.29,   0.52,   0.44,   0.45,   0.63,   0.46,   0.54,   0.36,   0.57,   0.15
   1.00,   1.00,   1.00,   1.00,   1.00,   1.00,   1.00,   1.00,   1.00,   1.00,   1.00,   1.00,   1.00,   1.00,   0.75,   0.19,   0.20,   0.17,   0.16,   0.24,   0.36,   0.15,   0.15,   0.15,   0.15,   0.19,   0.20,   0.18,   0.33,   0.33,   0.33,   0.35,   0.54,   0.61,   0.35,   0.15,   0.20
   1.00,   1.00,   1.00,   1.00,   1.00,   1.00,   1.00,   1.00,   1.00,   1.00,   1.00,   1.00,   1.00,   1.00,   0.95,   0.63,   0.33,   0.32,   0.20,   0.16,   0.16,   0.16,   0.15,   0.18,   0.41,   0.30,   0.50,   0.21,   0.15,   0.32,   0.20,   0.15,   0.31,   0.58,   0.20,   0.41,   0.36
   1.00,   1.00,   1.00,   1.00,   1.00,   1.00,   1.00,   1.00,   1.00,   1.00,   1.00,   1.00,   1.00,   1.00,   1.00,   1.00,   0.88,   0.40,   0.29,   0.19,   0.24,   0.18,   0.17,   0.26,   0.61,   0.81,   0.44,   0.15,   0.15,   0.57,   0.18,   0.74,   0.32,   0.20,   0.33,   0.58,   0.69
   1.00,   1.00,   1.00,   1.00,   1.00,   1.00,   1.00,   1.00,   1.00,   1.00,   1.00,   1.00,   1.00,   1.00,   1.00,   1.00,   1.00,   0.75,   0.33,   0.29,   0.21,   0.20,   0.15,   0.52,   0.37,   0.89,   0.55,   0.15,   0.15,   0.15,   0.15,   0.15,   0.15,   0.15,   0.20,   0.28,   0.94
   1.00,   1.00,   1.00,   1.00,   1.00,   1.00,   1.00,   1.00,   1.00,   1.00,   1.00,   1.00,   1.00,   1.00,   1.00,   1.00,   1.00,   0.96,   0.33,   0.17,   0.15,   0.20,   0.49,   0.76,   0.21,   0.19,   0.35,   0.22,   0.18,   0.18,   0.40,   0.15,   0.15,   0.15,   0.20,   0.15,   0.39
   1.00,   1.00,   1.00,   1.00,   1.00,   1.00,   1.00,   1.00,   1.00,   1.00,   1.00,   1.00,   1.00,   1.00,   1.00,   1.00,   1.00,   1.00,   0.56,   0.24,   0.20,   0.17,   0.15,   0.41,   0.19,   0.15,   0.18,   0.21,   0.21,   0.38,   0.39,   0.39,   0.49,   0.68,   0.48,   0.15,   0.30
   1.00,   1.00,   1.00,   1.00,   1.00,   1.00,   1.00,   1.00,   1.00,   1.00,   1.00,   1.00,   1.00,   1.00,   1.00,   1.00,   1.00,   1.00,   0.92,   0.26,   0.24,   0.23,   0.19,   0.24,   0.27,   0.15,   0.26,   0.47,   0.48,   0.15,   0.15,   0.16,   0.26,   0.43,   0.57,   0.48,   0.37
   1.00,   1.00,   1.00,   1.00,   1.00,   1.00,   1.00,   1.00,   1.00,   1.00,   1.00,   1.00,   1.00,   1.00,   1.00,   1.00,   1.00,   0.77,   0.37,   0.25,   0.25,   0.21,   0.18,   0.31,   0.35,   0.15,   0.35,   0.19,   0.16,   0.17,   0.15,   0.15,   0.30,   0.16,   0.35,   0.18,   0.35
   1.00,   1.00,   1.00,   1.00,   1.00,   1.00,   1.00,   1.00,   1.00,   1.00,   1.00,   1.00,   1.00,   1.00,   1.00,   1.00,   1.00,   0.75,   0.39,   0.32,   0.25,   0.25,   0.18,   0.21,   0.34,   0.16,   0.17,   0.48,   0.23,   0.23,   0.35,   0.15,   0.15,   0.15,   0.15,   0.15,   0.15
   1.00,   1.00,   1.00,   1.00,   1.00,   1.00,   1.00,   1.00,   1.00,   1.00,   1.00,   1.00,   1.00,   1.00,   1.00,   1.00,   1.00,   1.00,   0.74,   0.64,   0.25,   0.25,   0.25,   0.21,   0.17,   0.28,   0.29,   0.15,   0.30,   0.16,   0.44,   0.20,   0.15,   0.37,   0.44,   0.18,   0.15
   1.00,   1.00,   1.00,   1.00,   1.00,   1.00,   1.00,   1.00,   1.00,   1.00,   1.00,   1.00,   1.00,   1.00,   1.00,   1.00,   1.00,   1.00,   1.00,   0.75,   0.25,   0.25,   0.25,   0.25,   0.22,   0.16,   0.39,   0.44,   0.15,   0.15,   0.24,   0.15,   0.15,   0.15,   0.18,   0.17,   0.15
   1.00,   1.00,   1.00,   1.00,   1.00,   1.00,   1.00,   1.00,   1.00,   1.00,   1.00,   1.00,   1.00,   1.00,   1.00,   0.95,   0.60,   0.78,   0.92,   1.00,   0.81,   0.48,   0.28,   0.25,   0.21,   0.23,   0.46,   0.57,   0.16,   0.15,   0.15,   0.17,   0.20,   0.15,   0.15,   0.15,   0.15
   1.00,   1.00,   1.00,   1.00,   1.00,   1.00,   1.00,   1.00,   1.00,   1.00,   1.00,   1.00,   1.00,   1.00,   1.00,   0.54,   0.17,   0.17,   0.19,   0.49,   0.72,   0.30,   0.17,   0.19,   0.24,   0.19,   0.23,   0.53,   0.37,   0.15,   0.15,   0.20,   0.29,   0.15,   0.15,   0.15,   0.15
   1.00,   1.00,   1.00,   1.00,   1.00,   1.00,   1.00,   1.00,   1.00,   1.00,   1.00,   1.00,   1.00,   0.99,   0.51,   0.38,   0.15,   0.17,   0.16,   0.15,   0.17,   0.23,   0.16,   0.15,   0.16,   0.18,   0.17,   0.29,   0.22,   0.15,   0.15,   0.15,   0.31,   0.37,   0.25,   0.15,   0.15
   1.00,   1.00,   1.00,   1.00,   1.00,   1.00,   1.00,   1.00,   1.00,   1.00,   1.00,   1.00,   1.00,   1.00,   0.86,   0.41,   0.18,   0.17,   0.15,   0.15,   0.15,   0.17,   0.16,   0.15,   0.15,   0.22,   0.46,   0.33,   0.62,   0.35,   0.16,   0.15,   0.15,   0.19,   0.36,   0.15,   0.15
   1.00,   1.00,   1.00,   1.00,   1.00,   1.00,   1.00,   1.00,   1.00,   1.00,   1.00,   1.00,   1.00,   1.00,   1.00,   1.00,   0.61,   0.15,   0.15,   0.15,   0.16,   0.15,   0.15,   0.15,   0.15,   0.18,   0.34,   0.25,   0.66,   0.68,   0.65,   0.19,   0.15,   0.15,   0.15,   0.15,   0.16
   1.00,   1.00,   1.00,   1.00,   1.00,   1.00,   1.00,   1.00,   1.00,   1.00,   1.00,   1.00,   1.00,   1.00,   1.00,   1.00,   0.80,   0.29,   0.19,   0.15,   0.17,   0.17,   0.15,   0.24,   0.18,   0.16,   0.58,   0.46,   0.15,   0.19,   0.36,   0.16,   0.15,   0.15,   0.15,   0.15,   0.36
   1.00,   1.00,   1.00,   1.00,   1.00,   1.00,   1.00,   1.00,   1.00,   1.00,   1.00,   1.00,   1.00,   1.00,   1.00,   0.99,   0.50,   0.25,   0.22,   0.15,   0.18,   0.15,   0.16,   0.35,   0.39,   0.16,   0.17,   0.57,   0.36,   0.15,   0.24,   0.52,   0.45,   0.15,   0.43,   0.28,   0.16
   1.00,   1.00,   1.00,   1.00,   1.00,   1.00,   1.00,   1.00,   1.00,   1.00,   1.00,   0.91,   0.55,   0.49,   0.72,   0.56,   0.27,   0.60,   0.15,   0.15,   0.15,   0.16,   0.29,   0.28,   0.15,   0.40,   0.16,   0.15,   0.15,   0.18,   0.27,   0.55,   0.67,   0.22,   0.39,   0.15,   0.15
   1.00,   1.00,   1.00,   1.00,   1.00,   0.94,   0.41,   0.67,   0.97,   0.83,   0.32,   0.25,   0.15,   0.15,   0.20,   0.24,   0.30,   0.21,   0.15,   0.17,   0.17,   0.18,   0.15,   0.15,   0.15,   0.15,   0.15,   0.15,   0.28,   0.59,   0.50,   0.54,   0.46,   0.23,   0.41,   0.15,   0.17
   1.00,   1.00,   0.99,   0.47,   0.72,   0.63,   0.15,   0.15,   0.15,   0.22,   0.18,   0.15,   0.15,   0.15,   0.15,   0.17,   0.20,   0.15,   0.15,   0.15,   0.15,   0.15,   0.18,   0.16,   0.15,   0.15,   0.15,   0.15,   0.15,   0.20,   0.28,   0.21,   0.18,   0.15,   0.17,   0.15,   0.15
   1.00,   1.00,   1.00,   0.46,   0.22,   0.17,   0.18,   0.36,   0.15,   0.15,   0.15,   0.15,   0.15,   0.15,   0.15,   0.15,   0.15,   0.15,   0.15,   0.15,   0.15,   0.15,   0.15,   0.16,   0.16,   0.15,   0.15,   0.15,   0.15,   0.15,   0.15,   0.30,   0.53,   0.15,   0.15,   0.22,   0.29
 2    - gridded anthropogenic heat flux field                                 
   0.00,   0.00,   0.00,   0.00,   0.00,   0.00,   0.00,   0.00,   0.00,   0.00,   0.00,   0.00,   0.00,   0.00,   0.00,   0.00,   0.00,   0.00,   0.00,   0.00,   0.00,   0.00,   0.00,   0.00,   0.00,   0.00,   0.00,   0.00,   0.00,   0.00,   0.00,   0.00,   0.00,   0.00,   0.00,   0.00,   0.00
   0.00,   0.00,   0.00,   0.00,   0.00,   0.00,   0.00,   0.00,   0.00,   0.00,   0.00,   0.00,   0.00,   0.00,   0.00,   0.00,   0.00,   0.00,   0.00,   0.00,   0.00,   0.00,   0.00,   0.00,   0.00,   0.00,   0.00,   0.00,   0.00,   0.00,   0.00,   0.00,   0.00,   0.00,   0.00,   0.00,   0.00
   0.00,   0.00,   0.00,   0.00,   0.00,   0.00,   0.00,   0.00,   0.00,   0.00,   0.00,   0.00,   0.00,   0.00,   0.00,   0.00,   0.00,   0.00,   0.00,   0.00,   0.00,   0.00,   0.00,   0.00,   0.00,   0.00,   0.00,   0.00,   0.00,   0.00,   0.00,   0.00,   0.00,   0.00,   0.00,   0.00,   0.00
   0.00,   0.00,   0.00,   0.00,   0.00,   0.00,   0.00,   0.00,   0.00,   0.00,   0.00,   0.00,   0.00,   0.00,   0.00,   0.00,   0.00,   0.00,   0.00,   0.00,   0.00,   0.00,   0.00,   0.00,   0.00,   0.00,   0.00,   0.00,   0.00,   0.00,   0.00,   0.00,   0.00,   0.00,   0.00,   0.00,   0.00
   0.00,   0.00,   0.00,   0.00,   0.00,   0.00,   0.00,   0.00,   0.00,   0.00,   0.00,   0.00,   0.00,   0.00,   0.00,   0.00,   0.00,   0.00,   0.00,   0.00,   0.00,   0.00,   0.00,   0.00,   0.00,   0.00,   0.00,   0.00,   0.00,   0.00,   0.00,   0.00,   0.00,   0.00,   0.00,   0.00,   0.00
   0.00,   0.00,   0.00,   0.00,   0.00,   0.00,   0.00,   0.00,   0.00,   0.00,   0.00,   0.00,   0.00,   0.00,   0.00,   0.00,   0.00,   0.00,   0.00,   0.00,   0.00,   0.00,   0.00,   0.00,   0.00,   0.00,   0.00,   0.00,   0.00,   0.00,   0.00,   0.00,   0.00,   0.00,   0.00,   0.00,   0.00
   0.00,   0.00,   0.00,   0.00,   0.00,   0.00,   0.00,   0.00,   0.00,   0.00,   0.00,   0.00,   0.00,   0.00,   0.00,   0.00,   0.00,   0.00,   0.00,   0.00,   0.00,   0.00,   0.00,   0.00,   0.00,   0.00,   0.00,   0.00,   0.00,   0.00,   0.00,   0.00,   0.00,   0.00,   0.00,   0.00,   0.00
   0.00,   0.00,   0.00,   0.00,   0.00,   0.00,   0.00,   0.00,   0.00,   0.00,   0.00,   0.00,   0.00,   0.00,   0.00,   0.00,   0.00,   0.00,   0.00,   0.00,   0.00,   0.00,   0.00,   0.00,   0.00,   0.00,   0.00,   0.00,   0.00,   0.00,   0.00,   0.00,   0.00,   0.00,   0.00,   0.00,   0.00
   0.00,   0.00,   0.00,   0.00,   0.00,   0.00,   0.00,   0.00,   0.00,   0.00,   0.00,   0.00,   0.00,   0.00,   0.00,   0.00,   0.00,   0.00,   0.00,   0.00,   0.00,   0.00,   0.00,   0.00,   0.00,   0.00,   0.00,   0.00,   0.00,   0.00,   0.00,   0.00,   0.00,   0.00,   0.00,   0.00,   0.00
   0.00,   0.00,   0.00,   0.00,   0.00,   0.00,   0.00,   0.00,   0.00,   0.00,   0.00,   0.00,   0.00,   0.00,   0.00,   0.00,   0.00,   0.00,   0.00,   0.00,   0.00,   0.00,   0.00,   0.00,   0.00,   0.00,   0.00,   0.00,   0.00,   0.00,   0.00,   0.00,   0.00,   0.00,   0.00,   0.00,   0.00
   0.00,   0.00,   0.00,   0.00,   0.00,   0.00,   0.00,   0.00,   0.00,   0.00,   0.00,   0.00,   0.00,   0.00,   0.00,   0.00,   0.00,   0.00,   0.00,   0.00,   0.00,   0.00,   0.00,   0.00,   0.00,   0.00,   0.00,   0.00,   0.00,   0.00,   0.00,   0.00,   0.00,   0.00,   0.00,   0.00,   0.00
   0.00,   0.00,   0.00,   0.00,   0.00,   0.00,   0.00,   0.00,   0.00,   0.00,   0.00,   0.00,   0.00,   0.00,   0.00,   0.00,   0.00,   0.00,   0.00,   0.00,   0.00,   0.00,   0.00,   0.00,   0.00,   0.00,   0.00,   0.00,   0.00,   0.00,   0.00,   0.00,   0.00,   0.00,   0.00,   0.00,   0.00
   0.00,   0.00,   0.00,   0.00,   0.00,   0.00,   0.00,   0.00,   0.00,   0.00,   0.00,   0.00,   0.00,   0.00,   0.00,   0.00,   0.00,   0.00,   0.00,   0.00,   0.00,   0.00,   0.00,   0.00,   0.00,   0.00,   0.00,   0.00,   0.00,   0.00,   0.00,   0.00,   0.00,   0.00,   0.00,   0.00,   0.00
   0.00,   0.00,   0.00,   0.00,   0.00,   0.00,   0.00,   0.00,   0.00,   0.00,   0.00,   0.00,   0.00,   0.00,   0.00,   0.00,   0.00,   0.00,   0.00,   0.00,   0.00,   0.00,   0.00,   0.00,   0.00,   0.00,   0.00,   0.00,   0.00,   0.00,   0.00,   0.00,   0.00,   0.00,   0.00,   0.00,   0.00
   0.00,   0.00,   0.00,   0.00,   0.00,   0.00,   0.00,   0.00,   0.00,   0.00,   0.00,   0.00,   0.00,   0.00,   0.00,   0.00,   0.00,   0.00,   0.00,   0.00,   0.00,   0.00,   0.00,   0.00,   0.00,   0.00,   0.00,   0.00,   0.00,   0.00,   0.00,   0.00,   0.00,   0.00,   0.00,   0.00,   0.00
   0.00,   0.00,   0.00,   0.00,   0.00,   0.00,   0.00,   0.00,   0.00,   0.00,   0.00,   0.00,   0.00,   0.00,   0.00,   0.00,   0.00,   0.00,   0.00,   0.00,   0.00,   0.00,   0.00,   0.00,   0.00,   0.00,   0.00,   0.00,   0.00,   0.00,   0.00,   0.00,   0.00,   0.00,   0.00,   0.00,   0.00
   0.00,   0.00,   0.00,   0.00,   0.00,   0.00,   0.00,   0.00,   0.00,   0.00,   0.00,   0.00,   0.00,   0.00,   0.00,   0.00,   0.00,   0.00,   0.00,   0.00,   0.00,   0.00,   0.00,   0.00,   0.00,   0.00,   0.00,   0.00,   0.00,   0.00,   0.00,   0.00,   0.00,   0.00,   0.00,   0.00,   0.00
   0.00,   0.00,   0.00,   0.00,   0.00,   0.00,   0.00,   0.00,   0.00,   0.00,   0.00,   0.00,   0.00,   0.00,   0.00,   0.00,   0.00,   0.00,   0.00,   0.00,   0.00,   0.00,   0.00,   0.00,   0.00,   0.00,   0.00,   0.00,   0.00,   0.00,   0.00,   0.00,   0.00,   0.00,   0.00,   0.00,   0.00
   0.00,   0.00,   0.00,   0.00,   0.00,   0.00,   0.00,   0.00,   0.00,   0.00,   0.00,   0.00,   0.00,   0.00,   0.00,   0.00,   0.00,   0.00,   0.00,   0.00,   0.00,   0.00,   0.00,   0.00,   0.00,   0.00,   0.00,   0.00,   0.00,   0.00,   0.00,   0.00,   0.00,   0.00,   0.00,   0.00,   0.00
   0.00,   0.00,   0.00,   0.00,   0.00,   0.00,   0.00,   0.00,   0.00,   0.00,   0.00,   0.00,   0.00,   0.00,   0.00,   0.00,   0.00,   0.00,   0.00,   0.00,   0.00,   0.00,   0.00,   0.00,   0.00,   0.00,   0.00,   0.00,   0.00,   0.00,   0.00,   0.00,   0.00,   0.00,   0.00,   0.00,   0.00
   0.00,   0.00,   0.00,   0.00,   0.00,   0.00,   0.00,   0.00,   0.00,   0.00,   0.00,   0.00,   0.00,   0.00,   0.00,   0.00,   0.00,   0.00,   0.00,   0.00,   0.00,   0.00,   0.00,   0.00,   0.00,   0.00,   0.00,   0.00,   0.00,   0.00,   0.00,   0.00,   0.00,   0.00,   0.00,   0.00,   0.00
   0.00,   0.00,   0.00,   0.00,   0.00,   0.00,   0.00,   0.00,   0.00,   0.00,   0.00,   0.00,   0.00,   0.00,   0.00,   0.00,   0.00,   0.00,   0.00,   0.00,   0.00,   0.00,   0.00,   0.00,   0.00,   0.00,   0.00,   0.00,   0.00,   0.00,   0.00,   0.00,   0.00,   0.00,   0.00,   0.00,   0.00
   0.00,   0.00,   0.00,   0.00,   0.00,   0.00,   0.00,   0.00,   0.00,   0.00,   0.00,   0.00,   0.00,   0.00,   0.00,   0.00,   0.00,   0.00,   0.00,   0.00,   0.00,   0.00,   0.00,   0.00,   0.00,   0.00,   0.00,   0.00,   0.00,   0.00,   0.00,   0.00,   0.00,   0.00,   0.00,   0.00,   0.00
   0.00,   0.00,   0.00,   0.00,   0.00,   0.00,   0.00,   0.00,   0.00,   0.00,   0.00,   0.00,   0.00,   0.00,   0.00,   0.00,   0.00,   0.00,   0.00,   0.00,   0.00,   0.00,   0.00,   0.00,   0.00,   0.00,   0.00,   0.00,   0.00,   0.00,   0.00,   0.00,   0.00,   0.00,   0.00,   0.00,   0.00
   0.00,   0.00,   0.00,   0.00,   0.00,   0.00,   0.00,   0.00,   0.00,   0.00,   0.00,   0.00,   0.00,   0.00,   0.00,   0.00,   0.00,   0.00,   0.00,   0.00,   0.00,   0.00,   0.00,   0.00,   0.00,   0.00,   0.00,   0.00,   0.00,   0.00,   0.00,   0.00,   0.00,   0.00,   0.00,   0.00,   0.00
   0.00,   0.00,   0.00,   0.00,   0.00,   0.00,   0.00,   0.00,   0.00,   0.00,   0.00,   0.00,   0.00,   0.00,   0.00,   0.00,   0.00,   0.00,   0.00,   0.00,   0.00,   0.00,   0.00,   0.00,   0.00,   0.00,   0.00,   0.00,   0.00,   0.00,   0.00,   0.00,   0.00,   0.00,   0.00,   0.00,   0.00
   0.00,   0.00,   0.00,   0.00,   0.00,   0.00,   0.00,   0.00,   0.00,   0.00,   0.00,   0.00,   0.00,   0.00,   0.00,   0.00,   0.00,   0.00,   0.00,   0.00,   0.00,   0.00,   0.00,   0.00,   0.00,   0.00,   0.00,   0.00,   0.00,   0.00,   0.00,   0.00,   0.00,   0.00,   0.00,   0.00,   0.00
   0.00,   0.00,   0.00,   0.00,   0.00,   0.00,   0.00,   0.00,   0.00,   0.00,   0.00,   0.00,   0.00,   0.00,   0.00,   0.00,   0.00,   0.00,   0.00,   0.00,   0.00,   0.00,   0.00,   0.00,   0.00,   0.00,   0.00,   0.00,   0.00,   0.00,   0.00,   0.00,   0.00,   0.00,   0.00,   0.00,   0.00
   0.00,   0.00,   0.00,   0.00,   0.00,   0.00,   0.00,   0.00,   0.00,   0.00,   0.00,   0.00,   0.00,   0.00,   0.00,   0.00,   0.00,   0.00,   0.00,   0.00,   0.00,   0.00,   0.00,   0.00,   0.00,   0.00,   0.00,   0.00,   0.00,   0.00,   0.00,   0.00,   0.00,   0.00,   0.00,   0.00,   0.00
   0.00,   0.00,   0.00,   0.00,   0.00,   0.00,   0.00,   0.00,   0.00,   0.00,   0.00,   0.00,   0.00,   0.00,   0.00,   0.00,   0.00,   0.00,   0.00,   0.00,   0.00,   0.00,   0.00,   0.00,   0.00,   0.00,   0.00,   0.00,   0.00,   0.00,   0.00,   0.00,   0.00,   0.00,   0.00,   0.00,   0.00
   0.00,   0.00,   0.00,   0.00,   0.00,   0.00,   0.00,   0.00,   0.00,   0.00,   0.00,   0.00,   0.00,   0.00,   0.00,   0.00,   0.00,   0.00,   0.00,   0.00,   0.00,   0.00,   0.00,   0.00,   0.00,   0.00,   0.00,   0.00,   0.00,   0.00,   0.00,   0.00,   0.00,   0.00,   0.00,   0.00,   0.00
   0.00,   0.00,   0.00,   0.00,   0.00,   0.00,   0.00,   0.00,   0.00,   0.00,   0.00,   0.00,   0.00,   0.00,   0.00,   0.00,   0.00,   0.00,   0.00,   0.00,   0.00,   0.00,   0.00,   0.00,   0.00,   0.00,   0.00,   0.00,   0.00,   0.00,   0.00,   0.00,   0.00,   0.00,   0.00,   0.00,   0.00
   0.00,   0.00,   0.00,   0.00,   0.00,   0.00,   0.00,   0.00,   0.00,   0.00,   0.00,   0.00,   0.00,   0.00,   0.00,   0.00,   0.00,   0.00,   0.00,   0.00,   0.00,   0.00,   0.00,   0.00,   0.00,   0.00,   0.00,   0.00,   0.00,   0.00,   0.00,   0.00,   0.00,   0.00,   0.00,   0.00,   0.00
 2    - gridded leaf area index field                                         
   0.28,   0.17,   0.10,   0.03,   0.03,   0.10,   0.31,   0.04,   0.09,   0.55,   0.24,   0.11,   0.37,   0.87,   1.69,   1.63,   0.56,   0.41,   0.61,   0.71,   1.84,   0.33,   2.00,   2.46,   0.92,   2.05,   0.82,   0.58,   0.87,   0.37,   0.32,   0.70,   2.17,   3.00,   3.00,   1.13,   0.05
   0.62,   0.19,   0.19,   0.18,   0.09,   0.03,   0.84,   0.03,   0.05,   0.05,   0.05,   0.05,   0.05,   0.03,   0.51,   1.66,   0.39,   0.63,   2.02,   0.00,   0.53,   0.01,   0.02,   0.00,   0.01,   0.04,   0.23,   1.19,   1.51,   1.11,   0.11,   0.05,   0.20,   0.49,   2.24,   0.93,   0.05
   1.76,   0.15,   0.11,   0.20,   0.17,   0.03,   0.04,   0.05,   0.32,   1.91,   1.14,   0.43,   0.05,   0.05,   0.21,   0.24,   0.02,   0.37,   0.03,   0.03,   0.10,   0.55,   0.02,   0.03,   0.26,   0.05,   1.76,   0.43,   0.96,   2.03,   1.58,   0.70,   0.05,   0.05,   1.65,   2.27,   1.68
   2.04,   0.20,   0.00,   0.11,   0.12,   0.05,   0.07,   0.03,   0.96,   1.45,   0.49,   0.05,   0.82,   0.05,   0.19,   1.64,   0.94,   1.56,   0.21,   0.00,   1.56,   1.19,   0.04,   0.26,   2.23,   0.73,   1.08,   2.26,   1.90,   1.24,   1.83,   0.83,   0.81,   0.60,   0.52,   0.08,   1.50
   0.97,   0.00,   0.00,   0.00,   0.00,   0.01,   0.05,   0.03,   0.28,   0.69,   0.85,   0.96,   0.68,   0.35,   0.23,   0.05,   0.31,   0.85,   0.53,   0.37,   1.76,   2.61,   1.72,   2.70,   0.29,   0.26,   0.04,   0.55,   0.91,   0.08,   1.02,   1.07,   0.58,   1.20,   0.94,   0.23,   0.05
   0.06,   0.00,   0.00,   0.00,   0.00,   0.00,   0.00,   0.00,   0.01,   0.08,   0.73,   0.07,   0.56,   1.02,   0.96,   0.31,   0.05,   0.21,   0.76,   0.05,   0.34,   1.21,   1.12,   1.98,   2.68,   0.23,   0.64,   1.71,   1.52,   1.49,   1.00,   1.17,   0.23,   0.04,   0.93,   2.32,   0.22
   0.13,   0.00,   0.00,   0.00,   0.00,   0.00,   0.00,   0.00,   0.00,   0.01,   0.12,   0.10,   0.09,   0.24,   1.28,   1.15,   0.49,   0.05,   0.05,   0.05,   0.05,   0.05,   1.05,   2.55,   2.38,   2.32,   1.63,   0.41,   0.85,   2.31,   1.61,   0.22,   1.14,   0.11,   0.05,   0.28,   0.32
   0.05,   0.00,   0.00,   0.00,   0.00,   0.00,   0.00,   0.00,   0.00,   0.00,   0.00,   0.03,   0.47,   0.14,   0.04,   0.75,   1.26,   0.76,   0.05,   0.05,   0.05,   0.05,   0.05,   1.21,   2.32,   0.97,   1.17,   1.88,   0.62,   1.43,   0.53,   0.56,   1.43,   0.05,   0.03,   0.07,   0.72
   1.74,   0.44,   0.15,   0.00,   0.00,   0.00,   0.00,   0.00,   0.00,   0.00,   0.00,   0.00,   0.95,   1.10,   0.31,   0.08,   0.56,   1.41,   0.44,   0.05,   0.05,   0.05,   0.05,   0.03,   0.19,   0.07,   0.90,   1.06,   0.50,   0.04,   0.03,   1.59,   0.77,   0.63,   0.05,   0.17,   1.18
   2.03,   0.61,   0.17,   0.00,   0.00,   0.00,   0.00,   0.00,   0.00,   0.00,   0.00,   0.00,   0.18,   1.65,   0.40,   0.59,   1.16,   0.50,   1.48,   0.32,   0.39,   0.26,   2.33,   0.87,   0.03,   0.21,   0.80,   0.24,   0.34,   0.25,   0.10,   1.84,   0.03,   0.97,   0.32,   0.04,   0.07
   0.00,   0.00,   0.00,   0.00,   0.00,   0.00,   0.00,   0.00,   0.00,   0.00,   0.00,   0.00,   0.00,   0.45,   1.22,   0.09,   0.21,   0.09,   0.12,   0.70,   2.04,   0.77,   1.23,   0.15,   0.04,   0.64,   1.84,   1.44,   0.28,   0.92,   0.03,   0.46,   1.03,   0.17,   0.04,   0.67,   1.38
   0.00,   0.00,   0.00,   0.00,   0.00,   0.00,   0.00,   0.00,   0.00,   0.00,   0.00,   0.00,   0.00,   0.00,   0.14,   0.30,   0.97,   0.40,   0.39,   0.54,   0.04,   0.34,   1.05,   0.61,   0.05,   0.11,   0.12,   1.14,   0.12,   0.11,   0.59,   2.09,   1.27,   1.16,   0.19,   0.58,   1.57
   0.00,   0.00,   0.00,   0.00,   0.00,   0.00,   0.00,   0.00,   0.00,   0.00,   0.00,   0.00,   0.00,   0.00,   0.00,   0.03,   0.20,   0.08,   1.06,   1.96,   0.63,   0.07,   0.43,   0.33,   0.35,   0.15,   0.09,   0.11,   0.14,   1.75,   1.12,   2.62,   2.03,   0.72,   1.37,   0.57,   0.06
   0.00,   0.00,   0.00,   0.00,   0.00,   0.00,   0.00,   0.00,   0.00,   0.00,   0.00,   0.00,   0.00,   0.00,   0.00,   0.00,   0.03,   0.09,   0.04,   0.38,   0.27,   0.10,   0.26,   0.75,   1.20,   0.36,   0.03,   0.05,   0.05,   0.23,   0.90,   0.02,   1.75,   2.01,   1.86,   0.32,   0.02
   0.00,   0.00,   0.00,   0.00,   0.00,   0.00,   0.00,   0.00,   0.00,   0.00,   0.00,   0.00,   0.00,   0.00,   0.00,   0.00,   0.00,   0.07,   0.11,   0.08,   0.23,   1.04,   0.05,   0.03,   1.02,   0.07,   0.03,   0.06,   0.05,   0.05,   0.05,   0.05,   0.05,   0.05,   0.51,   1.47,   0.18
   0.00,   0.00,   0.00,   0.00,   0.00,   0.00,   0.00,   0.00,   0.00,   0.00,   0.00,   0.00,   0.00,   0.00,   0.00,   0.00,   0.00,   0.01,   0.15,   0.85,   0.05,   0.20,   0.71,   0.01,   0.90,   0.28,   0.04,   0.08,   0.10,   0.05,   0.06,   0.05,   0.05,   0.05,   0.26,   1.29,   1.33
   0.00,   0.00,   0.00,   0.00,   0.00,   0.00,   0.00,   0.00,   0.00,   0.00,   0.00,   0.00,   0.00,   0.00,   0.00,   0.00,   0.00,   0.00,   0.12,   0.18,   0.13,   0.16,   0.71,   1.00,   1.29,   1.91,   0.22,   0.09,   0.29,   0.48,   1.74,   0.19,   0.03,   0.02,   0.03,   0.14,   1.41
   0.00,   0.00,   0.00,   0.00,   0.00,   0.00,   0.00,   0.00,   0.00,   0.00,   0.00,   0.00,   0.00,   0.00,   0.00,   0.00,   0.00,   0.00,   0.02,   0.20,   0.19,   0.19,   1.42,   0.93,   2.17,   0.20,   0.16,   0.05,   0.70,   2.12,   2.19,   2.63,   1.71,   0.03,   0.03,   0.44,   0.94
   0.00,   0.00,   0.00,   0.00,   0.00,   0.00,   0.00,   0.00,   0.00,   0.00,   0.00,   0.00,   0.00,   0.00,   0.00,   0.00,   0.00,   0.06,   0.17,   0.20,   0.20,   0.15,   0.62,   0.67,   0.33,   1.64,   1.26,   0.79,   0.05,   0.05,   0.05,   0.23,   0.07,   0.05,   1.41,   2.23,   0.36
   0.00,   0.00,   0.00,   0.00,   0.00,   0.00,   0.00,   0.00,   0.00,   0.00,   0.00,   0.00,   0.00,   0.00,   0.00,   0.00,   0.00,   0.07,   0.16,   0.18,   0.20,   0.26,   1.62,   0.55,   0.29,   2.24,   2.14,   0.80,   0.05,   0.19,   0.13,   0.05,   0.05,   0.05,   0.58,   0.26,   0.05
   0.00,   0.00,   0.00,   0.00,   0.00,   0.00,   0.00,   0.00,   0.00,   0.00,   0.00,   0.00,   0.00,   0.00,   0.00,   0.00,   0.00,   0.00,   0.07,   0.10,   0.20,   0.34,   0.28,   0.13,   0.47,   0.22,   1.18,   0.44,   0.92,   2.32,   0.18,   0.49,   0.05,   0.04,   0.58,   0.16,   0.05
   0.00,   0.00,   0.00,   0.00,   0.00,   0.00,   0.00,   0.00,   0.00,   0.00,   0.00,   0.00,   0.00,   0.00,   0.00,   0.00,   0.00,   0.00,   0.00,   0.07,   0.20,   0.20,   0.20,   0.20,   0.53,   2.36,   0.60,   0.09,   1.26,   1.58,   1.96,   0.29,   0.05,   0.20,   2.50,   1.40,   0.05
   0.00,   0.00,   0.00,   0.00,   0.00,   0.00,   0.00,   0.00,   0.00,   0.00,   0.00,   0.00,   0.00,   0.00,   0.00,   0.00,   0.32,   0.19,   0.10,   0.00,   0.05,   0.14,   0.17,   0.20,   0.45,   0.68,   0.06,   0.03,   0.32,   1.01,   1.09,   1.03,   0.15,   0.14,   0.20,   2.44,   0.31
   0.00,   0.00,   0.00,   0.00,   0.00,   0.00,   0.00,   0.00,   0.00,   0.00,   0.00,   0.00,   0.00,   0.00,   0.00,   1.34,   2.01,   1.73,   1.82,   0.13,   0.10,   0.19,   0.56,   1.42,   0.54,   1.41,   0.10,   1.41,   1.19,   1.11,   0.11,   0.79,   0.25,   2.47,   1.31,   1.45,   0.68
   0.00,   0.00,   0.00,   0.00,   0.00,   0.00,   0.00,   0.00,   0.00,   0.00,   0.00,   0.00,   0.00,   0.03,   1.42,   1.13,   1.50,   2.29,   2.02,   1.27,   1.08,   0.75,   1.51,   1.94,   0.59,   0.05,   0.96,   1.55,   1.70,   0.70,   0.67,   0.66,   0.22,   0.89,   2.46,   1.41,   0.94
   0.00,   0.00,   0.00,   0.00,   0.00,   0.00,   0.00,   0.00,   0.00,   0.00,   0.00,   0.00,   0.00,   0.00,   0.51,   1.34,   1.26,   1.37,   2.15,   2.36,   1.05,   2.02,   1.01,   0.70,   1.29,   0.58,   1.90,   0.69,   0.99,   1.28,   1.68,   1.02,   0.05,   0.37,   0.31,   1.42,   2.76
   0.00,   0.00,   0.00,   0.00,   0.00,   0.00,   0.00,   0.00,   0.00,   0.00,   0.00,   0.00,   0.00,   0.00,   0.00,   0.00,   0.91,   2.71,   2.04,   1.78,   1.99,   2.23,   1.02,   0.20,   0.64,   1.64,   1.96,   1.36,   0.55,   0.76,   1.14,   1.29,   0.32,   0.05,   0.05,   0.05,   1.18
   0.00,   0.00,   0.00,   0.00,   0.00,   0.00,   0.00,   0.00,   0.00,   0.00,   0.00,   0.00,   0.00,   0.00,   0.00,   0.00,   0.05,   0.92,   2.25,   2.82,   2.55,   1.06,   0.61,   0.79,   0.20,   1.28,   0.76,   0.33,   0.73,   2.76,   2.27,   2.68,   0.72,   0.05,   0.05,   0.05,   0.60
   0.00,   0.00,   0.00,   0.00,   0.00,   0.00,   0.00,   0.00,   0.00,   0.00,   0.00,   0.00,   0.00,   0.00,   0.00,   0.00,   0.13,   0.53,   1.28,   2.89,   2.27,   1.66,   0.83,   0.04,   0.20,   0.45,   0.89,   0.14,   1.01,   2.40,   2.67,   1.70,   1.33,   0.05,   0.83,   0.04,   0.05
   0.00,   0.00,   0.00,   0.00,   0.00,   0.00,   0.00,   0.00,   0.00,   0.00,   0.00,   0.33,   1.59,   1.48,   0.08,   0.12,   0.19,   0.63,   2.92,   3.00,   2.79,   2.83,   1.28,   0.56,   1.14,   0.90,   1.28,   1.29,   1.76,   2.32,   2.58,   1.56,   0.51,   0.05,   0.48,   0.14,   0.05
   0.00,   0.00,   0.00,   0.00,   0.00,   0.21,   1.95,   0.46,   0.00,   0.05,   0.43,   2.08,   2.47,   2.47,   1.66,   0.48,   0.83,   2.79,   2.92,   2.31,   2.35,   1.26,   1.29,   0.17,   0.55,   0.70,   2.56,   1.73,   1.55,   1.46,   1.68,   0.06,   1.10,   0.13,   0.24,   0.05,   0.14
   0.00,   0.00,   0.00,   0.72,   0.99,   0.97,   2.74,   2.64,   2.44,   1.48,   2.08,   2.82,   2.12,   1.35,   1.66,   2.53,   1.70,   3.00,   3.00,   3.00,   3.00,   2.12,   1.54,   0.63,   0.58,   0.14,   0.20,   1.16,   1.14,   1.61,   0.99,   0.05,   0.93,   0.70,   2.20,   0.65,   0.05
   0.00,   0.00,   0.00,   0.23,   1.37,   2.06,   1.88,   1.31,   1.89,   2.27,   2.24,   1.97,   2.70,   2.35,   1.97,   2.53,   2.91,   3.00,   3.00,   2.85,   2.29,   1.91,   1.05,   1.04,   2.51,   1.50,   1.77,   0.14,   1.88,   2.06,   1.52,   0.48,   0.59,   0.67,   0.17,   0.05,   0.04
